0 0.8955078125 0.6725178277564454 0.0234375 0.026330224904004388
0 0.9072265625 0.6494788809654416 0.01806640625 0.020844761382336808
0 0.88818359375 0.56006582556226 0.01953125 0.025233132199670872
0 0.86767578125 0.5414152495885902 0.0205078125 0.024684585847504114
0 0.86083984375 0.5161821173889194 0.0244140625 0.02578167855183763
0 0.88232421875 0.4925946242457488 0.037109375 0.0405924300603401
0 0.802734375 0.510148107515085 0.0126953125 0.016456390565002744
0 0.82958984375 0.4827207899067471 0.01513671875 0.018102029621503018
0 0.81640625 0.4832693362589139 0.0205078125 0.02303894679100384
0 0.50732421875 0.5726823916620954 0.04052734375 0.05156335710367526
0 0.5263671875 0.5556774547449259 0.01806640625 0.021941854086670324
0 0.53369140625 0.5134393856280856 0.0263671875 0.029621503017004936
0 0.54296875 0.49698299506308286 0.0234375 0.026330224904004388
0 0.51220703125 0.471749862863412 0.029296875 0.031267142073505214
0 0.5107421875 0.492046077893582 0.0283203125 0.022490400438837082
0 0.556640625 0.4690071311025782 0.02197265625 0.021393307734503566
0 0.60546875 0.5041140976412507 0.0205078125 0.022490400438837082
0 0.6220703125 0.494240263302249 0.01318359375 0.014810751508502468
0 0.6259765625 0.46516730663741085 0.0224609375 0.023587493143170598
0 0.61474609375 0.4459681843115743 0.02294921875 0.026330224904004388
0 0.603515625 0.4476138233680746 0.02099609375 0.02029621503017005
0 0.6376953125 0.4465167306637411 0.021484375 0.020844761382336808
0 0.63916015625 0.4591332967635765 0.015625 0.01426220515633571
0 0.6611328125 0.42731760833790455 0.0283203125 0.030718595721338452
0 0.68505859375 0.4317059791552386 0.025390625 0.03565551289083928
0 0.607421875 0.4201865057597367 0.03857421875 0.04278661546900713
0 0.66455078125 0.3839824465167307 0.0400390625 0.05375754251234229
0 0.53759765625 0.3955019199122326 0.03076171875 0.04004388370817334
0 0.4765625 0.4196379594075699 0.037109375 0.03730115194733955
0 0.40673828125 0.42731760833790455 0.033203125 0.04278661546900713
0 0.43310546875 0.46791003839824463 0.02587890625 0.031267142073505214
0 0.400390625 0.5145364783324191 0.03125 0.036204059243006036
0 0.42626953125 0.5595172792100932 0.0224609375 0.02303894679100384
0 0.41748046875 0.5381239714755897 0.0234375 0.021941854086670324
0 0.38916015625 0.5392210641799232 0.01416015625 0.01426220515633571
0 0.38720703125 0.5282501371365881 0.0244140625 0.013165112452002194
0 0.45263671875 0.4492594624245749 0.025390625 0.029621503017004936
0 0.35009765625 0.46516730663741085 0.02392578125 0.022490400438837082
0 0.31591796875 0.44157981349424025 0.04296875 0.05211190345584202
0 0.2802734375 0.45255074053757544 0.044921875 0.047174986286341196
0 0.26171875 0.4986286341195831 0.04052734375 0.04552934722984092
0 0.26318359375 0.5331870543060888 0.03076171875 0.03291278113000549
0 0.22216796875 0.4854635216675809 0.0458984375 0.050466264399341744
0 0.1796875 0.5441579813494241 0.0234375 0.025233132199670872
0 0.1728515625 0.521667580910587 0.02978515625 0.030718595721338452
0 0.1572265625 0.5266044980800878 0.01416015625 0.019747668678003292
0 0.18798828125 0.46352166758091057 0.02587890625 0.026878771256171146
0 0.17578125 0.4953373560065826 0.02587890625 0.02578167855183763
0 0.19091796875 0.510148107515085 0.01708984375 0.024684585847504114
0 0.14111328125 0.492046077893582 0.03271484375 0.03510696653867252
0 0.1376953125 0.5671969281404279 0.02880859375 0.027975863960504662
0 0.11865234375 0.5326385079539221 0.0302734375 0.027427317608337904
0 0.1220703125 0.5534832693362589 0.0283203125 0.024684585847504114
0 0.09619140625 0.5693911135490949 0.0322265625 0.03236423477783873
0 0.056640625 0.56006582556226 0.0380859375 0.039495337356006584
0 0.0517578125 0.5885902358749314 0.02685546875 0.027975863960504662
0 0.07373046875 0.5710367526055952 0.0205078125 0.029072956664838178
0 0.060546875 0.5293472298409215 0.03662109375 0.029621503017004936
0 0.0654296875 0.505759736697751 0.01904296875 0.017004936917169502
0 0.02099609375 0.5490948985189249 0.03125 0.030718595721338452
0 0.0185546875 0.4827207899067471 0.03662109375 0.038946791003839826
0 0.0791015625 0.40427866154690073 0.052734375 0.0510148107515085
0 0.73193359375 0.4596818431157433 0.0205078125 0.019199122325836534
0 0.701171875 0.4701042238069117 0.0205078125 0.023587493143170598
0 0.68115234375 0.47833241908941304 0.01220703125 0.015359297860669226
0 0.80419921875 0.42073505211190343 0.02490234375 0.030718595721338452
0 0.78271484375 0.4174437739989029 0.0205078125 0.02578167855183763
0 0.7783203125 0.45474492594624244 0.00732421875 0.007679648930334613
0 0.9423828125 0.4574876577070762 0.015625 0.015907844212835986
0 0.9716796875 0.43883708173340646 0.01904296875 0.022490400438837082
0 0.97705078125 0.43006034009873834 0.0166015625 0.017004936917169502
0 0.8427734375 0.33845309928688977 0.033203125 0.03291278113000549
0 0.9794921875 0.4958859023587493 0.00927734375 0.010422380691168404
0 0.99169921875 0.48930334613274823 0.00732421875 0.007679648930334613
0 0.35888671875 0.3472298409215579 0.03759765625 0.029621503017004936
0 0.48291015625 0.37959407569939657 0.02783203125 0.031267142073505214