0 0.3736426456071076 0.6472222222222223 0.03751233958538993 0.045
0 0.24975320829220138 0.6483333333333333 0.026159921026653505 0.026111111111111113
0 0.2253208292201382 0.6425 0.027640671273445213 0.03
0 0.20557749259624877 0.6238888888888889 0.025172754195459033 0.028333333333333332
0 0.24111549851924977 0.5797222222222222 0.026159921026653505 0.029444444444444443
0 0.1813919052319842 0.5652777777777778 0.034550839091806514 0.035
0 0.22384007897334648 0.5113888888888889 0.029615004935834157 0.025555555555555557
0 0.15153010858835142 0.5525 0.03060217176702863 0.03333333333333333
0 0.12438302073050346 0.5691666666666667 0.02813425468904245 0.03222222222222222
0 0.18114511352418558 0.5419444444444445 0.029615004935834157 0.025
0 0.15967423494570582 0.5305555555555556 0.029615004935834157 0.020555555555555556
0 0.1416584402764067 0.5230555555555556 0.026159921026653505 0.021111111111111112
0 0.14733464955577494 0.5011111111111111 0.01332675222112537 0.013888888888888888
0 0.10488647581441264 0.5338888888888889 0.027640671273445213 0.03166666666666667
0 0.07650542941757157 0.5394444444444444 0.031095755182625865 0.026111111111111113
0 0.053553800592300096 0.5491666666666667 0.025172754195459033 0.025555555555555557
0 0.012833168805528134 0.58 0.022211253701875617 0.02666666666666667
0 0.0700888450148075 0.6002777777777778 0.03356367226061204 0.03666666666666667
0 0.09230009871668311 0.6033333333333334 0.031095755182625865 0.03333333333333333
0 0.10118460019743336 0.5719444444444445 0.02566633761105627 0.028333333333333332
0 0.09180651530108588 0.6655555555555556 0.031095755182625865 0.03388888888888889
0 0.8622902270483712 0.7025 0.024679170779861797 0.028888888888888888
0 0.8299605133267522 0.6155555555555555 0.022704837117472853 0.026111111111111113
0 0.8144126357354393 0.6216666666666667 0.02171767028627838 0.02388888888888889
0 0.8504442250740375 0.5569444444444445 0.02319842053307009 0.025555555555555557
0 0.7961500493583415 0.51 0.018756169792694965 0.02277777777777778
0 0.782329713721619 0.4905555555555556 0.046890424481737414 0.05388888888888889
0 0.8102171767028628 0.4866666666666667 0.016288252714708785 0.02277777777777778
0 0.7317374136229022 0.5152777777777777 0.02319842053307009 0.028888888888888888
0 0.6796643632773939 0.5286111111111111 0.0384995064165844 0.04611111111111111
0 0.6461006910167818 0.4936111111111111 0.03751233958538993 0.042222222222222223
0 0.6900296150049359 0.4936111111111111 0.02418558736426456 0.024444444444444446
0 0.6878084896347483 0.4747222222222222 0.0192497532082922 0.019444444444444445
0 0.4940769990128332 0.5186111111111111 0.03998025666337611 0.043333333333333335
0 0.5343040473840079 0.5547222222222222 0.027147087857847977 0.028333333333333332
0 0.6273445212240869 0.4483333333333333 0.0192497532082922 0.02277777777777778
0 0.707305034550839 0.43527777777777776 0.017275419545903257 0.020555555555555556
0 0.6900296150049359 0.4313888888888889 0.01085883514313919 0.012777777777777779
0 0.8334155972359328 0.43694444444444447 0.02813425468904245 0.03277777777777778
0 0.9052319842053307 0.44805555555555554 0.03652517275419546 0.04
0 0.4163376110562685 0.44333333333333336 0.021224086870681145 0.022222222222222223
0 0.41016781836130306 0.4880555555555556 0.017275419545903257 0.02
0 0.4188055281342547 0.47638888888888886 0.014313919052319843 0.021111111111111112
0 0.39486673247778875 0.5208333333333334 0.022704837117472853 0.024444444444444446
0 0.40498519249753206 0.5455555555555556 0.022704837117472853 0.024444444444444446
0 0.3822803553800592 0.5547222222222222 0.024679170779861797 0.03388888888888889
0 0.381786771964462 0.49583333333333335 0.01332675222112537 0.016666666666666666
0 0.3334155972359329 0.43527777777777776 0.02073050345508391 0.022222222222222223
0 0.31145113524185586 0.43916666666666665 0.015301085883514315 0.025
0 0.34279368213228034 0.3638888888888889 0.040473840078973346 0.04111111111111111
0 0.29047384007897337 0.4325 0.029615004935834157 0.029444444444444443
0 0.293928923988154 0.4486111111111111 0.02171767028627838 0.016666666666666666
0 0.2968904244817374 0.46194444444444444 0.01678183613030602 0.01611111111111111
0 0.24777887462981243 0.47555555555555556 0.037018756169792694 0.04055555555555555
0 0.3139190523198421 0.5066666666666667 0.023692003948667325 0.02388888888888889
0 0.777147087857848 0.31444444444444447 0.02319842053307009 0.02666666666666667
0 0.7495064165844028 0.4052777777777778 0.02073050345508391 0.022222222222222223
0 0.7788746298124383 0.39944444444444444 0.02073050345508391 0.023333333333333334
0 0.6584402764067128 0.6277777777777778 0.02418558736426456 0.03111111111111111