0 0.606076210092688 0.711195054945055 0.028836251287332648 0.04120879120879121
0 0.5834191555097837 0.7256181318681318 0.029866117404737384 0.04739010989010989
0 0.7819258496395468 0.667239010989011 0.042224510813594233 0.059065934065934064
0 0.7551493305870237 0.6490384615384616 0.03244078269824923 0.04945054945054945
0 0.7922245108135942 0.6277472527472527 0.04325437693099897 0.057692307692307696
0 0.7677651905252317 0.5508241758241759 0.05458290422245108 0.07074175824175824
0 0.738928939237899 0.5511675824175825 0.03192584963954686 0.05013736263736264
0 0.7126673532440783 0.4962225274725275 0.04170957775489186 0.05357142857142857
0 0.7062306900102987 0.560782967032967 0.035015447991761074 0.05013736263736264
0 0.6848609680741503 0.5456730769230769 0.021627188465499485 0.03021978021978022
0 0.7582389289392379 0.5995879120879121 0.027806385169927908 0.03296703296703297
0 0.6598867147270855 0.601304945054945 0.017507723995880537 0.02403846153846154
0 0.6328527291452111 0.592032967032967 0.021112255406797117 0.027472527472527472
0 0.6665808444902163 0.5810439560439561 0.016477857878475798 0.024725274725274724
0 0.6519052523171988 0.5728021978021978 0.012873326467559218 0.01510989010989011
0 0.8710092687950567 0.8128434065934066 0.037075180226570546 0.04601648351648352
0 0.8341915550978373 0.7733516483516484 0.024716786817713696 0.034340659340659344
0 0.9626673532440783 0.7654532967032966 0.03244078269824923 0.04532967032967033
0 0.9361483007209063 0.7032967032967034 0.03347064881565397 0.044642857142857144
0 0.9673017507723995 0.7005494505494505 0.03604531410916581 0.04120879120879121
0 0.9279093717816684 0.6280906593406593 0.049948506694129764 0.059065934065934064
0 0.8779608650875386 0.6435439560439561 0.03553038105046344 0.040521978021978024
0 0.5939752832131823 0.5841346153846154 0.016992790937178166 0.024725274725274724
0 0.5077239958805355 0.5216346153846154 0.04016477857878476 0.05837912087912088
0 0.5798146240988672 0.49690934065934067 0.05303810504634397 0.061126373626373624
0 0.5468589083419155 0.4893543956043956 0.044284243048403706 0.04120879120879121
0 0.5692584963954685 0.45467032967032966 0.04943357363542739 0.06799450549450549
0 0.5157054582904222 0.41483516483516486 0.02729145211122554 0.036401098901098904
0 0.4286817713697219 0.4179258241758242 0.03810504634397528 0.048763736263736264
0 0.41838311019567453 0.5497939560439561 0.017507723995880537 0.023351648351648352
0 0.410659114315139 0.5484203296703297 0.010813594232749742 0.019230769230769232
0 0.3568486096807415 0.5065247252747253 0.052008238928939236 0.06318681318681318
0 0.319773429454171 0.5278159340659341 0.03964984552008239 0.040521978021978024
0 0.3177136972193615 0.49690934065934067 0.0411946446961895 0.061813186813186816
0 0.3455200823892894 0.4323489010989011 0.04325437693099897 0.05563186813186813
0 0.3074150360453141 0.4326923076923077 0.04531410916580844 0.06387362637362637
0 0.29660144181256437 0.47081043956043955 0.03913491246138002 0.0521978021978022
0 0.23223480947476827 0.6377060439560439 0.0592173017507724 0.07554945054945054
0 0.15190525231719876 0.6353021978021978 0.04479917610710608 0.054945054945054944
0 0.1696704428424305 0.5703983516483516 0.037075180226570546 0.04601648351648352
0 0.1990216271884655 0.553228021978022 0.027806385169927908 0.036401098901098904
0 0.18949536560247168 0.5168269230769231 0.030895983522142123 0.046703296703296704
0 0.20545829042224512 0.4883241758241758 0.036560247167868175 0.048763736263736264
0 0.27909371781668385 0.5147664835164835 0.022142121524201853 0.0260989010989011
0 0.31179196704428425 0.5494505494505495 0.02008238928939238 0.023351648351648352
0 0.1349124613800206 0.4223901098901099 0.03347064881565397 0.03708791208791209
0 0.12023686920700309 0.4426510989010989 0.025231719876416064 0.03159340659340659
0 0.10916580844490216 0.4725274725274725 0.03553038105046344 0.04326923076923077
0 0.0805870236869207 0.4886675824175824 0.02420185375901133 0.029532967032967032
0 0.03964984552008239 0.5511675824175825 0.028836251287332648 0.030906593406593408
0 0.02832131822863028 0.560782967032967 0.03038105046343975 0.038461538461538464
0 0.005149330587023687 0.5442994505494505 0.010298661174047374 0.029532967032967032
0 0.024459320288362514 0.521978021978022 0.022142121524201853 0.027472527472527472
0 0.01596292481977343 0.5099587912087912 0.012873326467559218 0.020604395604395604
0 0.032183316168898045 0.41517857142857145 0.04685890834191555 0.061813186813186816
0 0.00952626158599382 0.42994505494505497 0.018537590113285273 0.04945054945054945
0 0.06719876416065912 0.3334478021978022 0.03913491246138002 0.04601648351648352
0 0.023944387229660143 0.3269230769230769 0.024716786817713696 0.03777472527472527
0 0.022142121524201853 0.3945741758241758 0.0345005149330587 0.038461538461538464
0 0.1645211122554068 0.33791208791208793 0.03141091658084449 0.03159340659340659
0 0.13259526261585994 0.3588598901098901 0.03810504634397528 0.050824175824175824
0 0.15370751802265706 0.3914835164835165 0.03810504634397528 0.05357142857142857
0 0.19155509783728114 0.3382554945054945 0.02420185375901133 0.025412087912087912
0 0.768022657054583 0.4690934065934066 0.013903192584963954 0.019917582417582416
0 0.7546343975283213 0.46256868131868134 0.01596292481977343 0.021291208791208792