0 0.97216796875 0.3641025641025641 0.02880859375 0.041025641025641026
0 0.85595703125 0.2315018315018315 0.0166015625 0.02564102564102564
0 0.9501953125 0.3355311355311355 0.0224609375 0.029304029304029304
0 0.94482421875 0.41098901098901097 0.0166015625 0.02564102564102564
0 0.8564453125 0.28644688644688643 0.01318359375 0.02271062271062271
0 0.857421875 0.3728937728937729 0.0166015625 0.02564102564102564
0 0.8017578125 0.29743589743589743 0.01806640625 0.02564102564102564
0 0.75390625 0.25054945054945055 0.01953125 0.02783882783882784
0 0.78173828125 0.4652014652014652 0.02001953125 0.03296703296703297
0 0.77099609375 0.37362637362637363 0.02099609375 0.0336996336996337
0 0.74365234375 0.4293040293040293 0.01318359375 0.02197802197802198
0 0.72265625 0.4271062271062271 0.01904296875 0.029304029304029304
0 0.71484375 0.4 0.01416015625 0.02197802197802198
0 0.72119140625 0.3860805860805861 0.02099609375 0.035897435897435895
0 0.73779296875 0.35384615384615387 0.01708984375 0.0315018315018315
0 0.74951171875 0.34505494505494505 0.01416015625 0.02857142857142857
0 0.76025390625 0.32967032967032966 0.0166015625 0.02564102564102564
0 0.767578125 0.2989010989010989 0.01904296875 0.026373626373626374
0 0.74853515625 0.30622710622710625 0.0244140625 0.027106227106227107
0 0.7021484375 0.28498168498168497 0.02294921875 0.034432234432234435
0 0.716796875 0.30622710622710625 0.01904296875 0.023443223443223443
0 0.73095703125 0.31355311355311355 0.01611328125 0.03076923076923077
0 0.720703125 0.3252747252747253 0.01513671875 0.02271062271062271
0 0.6650390625 0.3076923076923077 0.021484375 0.035164835164835165
0 0.69189453125 0.3391941391941392 0.013671875 0.021245421245421246
0 0.7099609375 0.36043956043956044 0.01953125 0.02783882783882784
0 0.693359375 0.3545787545787546 0.0166015625 0.02197802197802198
0 0.67626953125 0.37216117216117217 0.0126953125 0.021245421245421246
0 0.6708984375 0.3963369963369963 0.009765625 0.023443223443223443
0 0.67919921875 0.4065934065934066 0.01220703125 0.02490842490842491
0 0.69287109375 0.4087912087912088 0.017578125 0.02857142857142857
0 0.673828125 0.16703296703296702 0.0263671875 0.04468864468864469
0 0.671875 0.19926739926739928 0.02392578125 0.034432234432234435
0 0.65673828125 0.22124542124542124 0.02294921875 0.034432234432234435
0 0.6435546875 0.1772893772893773 0.02587890625 0.03956043956043956
0 0.634765625 0.20586080586080585 0.02783203125 0.041758241758241756
0 0.61865234375 0.15677655677655677 0.02685546875 0.03663003663003663
0 0.60791015625 0.20659340659340658 0.0234375 0.03223443223443224
0 0.595703125 0.22783882783882783 0.0224609375 0.035897435897435895
0 0.59033203125 0.2564102564102564 0.02197265625 0.035897435897435895
0 0.63037109375 0.3252747252747253 0.01318359375 0.01978021978021978
0 0.64111328125 0.3597069597069597 0.01904296875 0.029304029304029304
0 0.6337890625 0.38168498168498166 0.01708984375 0.02857142857142857
0 0.68115234375 0.4278388278388278 0.017578125 0.024175824175824177
0 0.6806640625 0.44835164835164837 0.0146484375 0.02271062271062271
0 0.64794921875 0.441025641025641 0.0166015625 0.02271062271062271
0 0.66357421875 0.46886446886446886 0.01171875 0.018315018315018316
0 0.65380859375 0.4644688644688645 0.01318359375 0.02197802197802198
0 0.6494140625 0.4593406593406593 0.01171875 0.01611721611721612
0 0.58544921875 0.41904761904761906 0.0126953125 0.020512820512820513
0 0.5732421875 0.4666666666666667 0.0126953125 0.023443223443223443
0 0.56201171875 0.5501831501831502 0.01220703125 0.020512820512820513
0 0.5498046875 0.5538461538461539 0.01171875 0.02271062271062271
0 0.58203125 0.38168498168498166 0.02294921875 0.03663003663003663
0 0.572265625 0.3575091575091575 0.01953125 0.02564102564102564
0 0.57763671875 0.3128205128205128 0.01708984375 0.026373626373626374
0 0.5849609375 0.3355311355311355 0.0205078125 0.02490842490842491
0 0.52587890625 0.16996336996336997 0.01904296875 0.03736263736263736
0 0.5419921875 0.19926739926739928 0.0361328125 0.04322344322344322
0 0.515625 0.22417582417582418 0.021484375 0.035897435897435895
0 0.52685546875 0.2578754578754579 0.0283203125 0.04835164835164835
0 0.49853515625 0.2673992673992674 0.02783203125 0.046886446886446886
0 0.490234375 0.21684981684981686 0.02001953125 0.03223443223443224
0 0.4794921875 0.263003663003663 0.02099609375 0.041025641025641026
0 0.45947265625 0.2923076923076923 0.0341796875 0.046886446886446886
0 0.44580078125 0.35018315018315016 0.02099609375 0.035164835164835165
0 0.4677734375 0.10695970695970695 0.02490234375 0.03956043956043956
0 0.37451171875 0.37435897435897436 0.02392578125 0.035164835164835165
0 0.43408203125 0.43223443223443225 0.01513671875 0.024175824175824177
0 0.50732421875 0.42344322344322344 0.01220703125 0.024175824175824177
0 0.52099609375 0.4512820512820513 0.01220703125 0.020512820512820513
0 0.5107421875 0.4534798534798535 0.009765625 0.021245421245421246
0 0.37646484375 0.4293040293040293 0.01806640625 0.02857142857142857
0 0.3408203125 0.4095238095238095 0.02587890625 0.040293040293040296
0 0.322265625 0.5157509157509158 0.01806640625 0.027106227106227107
0 0.2666015625 0.48937728937728936 0.01611328125 0.02197802197802198
0 0.24560546875 0.46007326007326005 0.01953125 0.02857142857142857
0 0.23828125 0.4146520146520147 0.02001953125 0.03076923076923077
0 0.2001953125 0.3802197802197802 0.01904296875 0.03076923076923077
0 0.16064453125 0.3824175824175824 0.015625 0.02857142857142857
0 0.16552734375 0.43443223443223444 0.0185546875 0.029304029304029304
0 0.3017578125 0.32967032967032966 0.02490234375 0.041758241758241756
0 0.25830078125 0.3238095238095238 0.0185546875 0.027106227106227107
0 0.271484375 0.3333333333333333 0.01611328125 0.024175824175824177
0 0.39892578125 0.2271062271062271 0.02587890625 0.034432234432234435
0 0.37646484375 0.21978021978021978 0.025390625 0.03956043956043956
0 0.34716796875 0.2644688644688645 0.02734375 0.03882783882783883
0 0.3203125 0.23809523809523808 0.0224609375 0.034432234432234435
0 0.26953125 0.21611721611721613 0.02734375 0.04395604395604396
0 0.22607421875 0.23736263736263735 0.02490234375 0.04322344322344322
0 0.27880859375 0.2915750915750916 0.02734375 0.041025641025641026
0 0.2333984375 0.26666666666666666 0.0205078125 0.03296703296703297
0 0.24462890625 0.2490842490842491 0.01806640625 0.029304029304029304
0 0.17236328125 0.2571428571428571 0.02490234375 0.0336996336996337
0 0.0654296875 0.3523809523809524 0.02197265625 0.0336996336996337