0 0.5903826787512588 0.1579861111111111 0.03323262839879154 0.03521825396825397
0 0.5181268882175226 0.14831349206349206 0.033736153071500505 0.034722222222222224
0 0.6130412890231621 0.14583333333333334 0.02416918429003021 0.027777777777777776
0 0.5853474320241692 0.12748015873015872 0.03474320241691843 0.027777777777777776
0 0.581570996978852 0.10342261904761904 0.028700906344410877 0.030257936507936508
0 0.5392749244712991 0.10267857142857142 0.0377643504531722 0.037698412698412696
0 0.5629405840886204 0.07366071428571429 0.0433031218529708 0.03273809523809524
0 0.4826283987915408 0.09771825396825397 0.03474320241691843 0.034722222222222224
0 0.45065458207452164 0.11061507936507936 0.026686807653575024 0.0248015873015873
0 0.4385699899295065 0.13020833333333334 0.028700906344410877 0.027777777777777776
0 0.45820745216515607 0.1277281746031746 0.013595166163141994 0.01636904761904762
0 0.44410876132930516 0.09821428571428571 0.021148036253776436 0.017857142857142856
0 0.4307653575025176 0.15178571428571427 0.028700906344410877 0.02628968253968254
0 0.40735146022155083 0.1480654761904762 0.03121852970795569 0.020833333333333332
0 0.4108761329305136 0.13020833333333334 0.03172205438066465 0.03125
0 0.41918429003021146 0.11284722222222222 0.03272910372608258 0.03422619047619048
0 0.38393756294058407 0.13293650793650794 0.028700906344410877 0.03125
0 0.38821752265861026 0.10987103174603174 0.0256797583081571 0.020337301587301588
0 0.37386706948640486 0.09176587301587301 0.028700906344410877 0.028769841269841268
0 0.40105740181268884 0.09250992063492064 0.02769385699899295 0.025793650793650792
0 0.4297583081570997 0.08655753968253968 0.0377643504531722 0.031746031746031744
0 0.4000503524672709 0.18948412698412698 0.032225579053373615 0.03373015873015873
0 0.37134944612286 0.19047619047619047 0.023162134944612285 0.0248015873015873
0 0.35473313192346423 0.20734126984126985 0.026183282980866064 0.025793650793650792
0 0.37210473313192344 0.20238095238095238 0.024672708962739175 0.022321428571428572
0 0.3894763343403827 0.21006944444444445 0.02416918429003021 0.020337301587301588
0 0.3862034239677744 0.16517857142857142 0.028700906344410877 0.018849206349206348
0 0.37084592145015105 0.17137896825396826 0.02769385699899295 0.022321428571428572
0 0.24269889224572003 0.11557539682539683 0.03625377643504532 0.03571428571428571
0 0.25251762336354483 0.12822420634920634 0.033736153071500505 0.030753968253968252
0 0.25755287009063443 0.09102182539682539 0.030211480362537766 0.026785714285714284
0 0.23338368580060423 0.08234126984126984 0.023162134944612285 0.01984126984126984
0 0.23288016112789528 0.0992063492063492 0.0216515609264854 0.016865079365079364
0 0.1946122860020141 0.10714285714285714 0.029707955689828803 0.03125
0 0.18353474320241692 0.13740079365079366 0.028197381671701913 0.030257936507936508
0 0.17270896273917422 0.15128968253968253 0.02920443101711984 0.03125
0 0.1971299093655589 0.16741071428571427 0.03172205438066465 0.030753968253968252
0 0.1865558912386707 0.1922123015873016 0.03323262839879154 0.032242063492063495
0 0.22079556898288016 0.17559523809523808 0.02366565961732125 0.02132936507936508
0 0.1067472306143001 0.25124007936507936 0.0216515609264854 0.019345238095238096
0 0.0770392749244713 0.24231150793650794 0.025176233635448138 0.025297619047619048
0 0.2678751258811682 0.19246031746031747 0.01812688821752266 0.022817460317460316
0 0.2814702920443102 0.19866071428571427 0.017119838872104734 0.016865079365079364
0 0.2812185297079557 0.22643849206349206 0.017623363544813697 0.015873015873015872
0 0.2648539778449144 0.23759920634920634 0.02014098690835851 0.019345238095238096
0 0.2628398791540785 0.22941468253968253 0.015609264853977844 0.01240079365079365
0 0.23992950654582074 0.22172619047619047 0.02920443101711984 0.028273809523809524
0 0.2218026183282981 0.22098214285714285 0.019133937562940583 0.025297619047619048
0 0.24546827794561935 0.251984126984127 0.01460221550855992 0.013888888888888888
0 0.23187311178247735 0.25124007936507936 0.016112789526686808 0.01488095238095238
0 0.1971299093655589 0.29017857142857145 0.022658610271903322 0.022817460317460316
0 0.17270896273917422 0.29092261904761907 0.027190332326283987 0.027281746031746032
0 0.155337361530715 0.3082837301587302 0.02014098690835851 0.019345238095238096
0 0.29254783484390734 0.31299603174603174 0.026686807653575024 0.026785714285714284
0 0.34793554884189326 0.296875 0.019637462235649546 0.018849206349206348
0 0.3549848942598187 0.28943452380952384 0.021148036253776436 0.022321428571428572
0 0.3648036253776435 0.26264880952380953 0.022155085599194362 0.020337301587301588
0 0.34869083585095667 0.2442956349206349 0.028700906344410877 0.028273809523809524
0 0.5327291037260826 0.22743055555555555 0.03121852970795569 0.032242063492063495
0 0.6115307150050352 0.1753472222222222 0.023162134944612285 0.022817460317460316
0 0.7147532729103726 0.13268849206349206 0.026183282980866064 0.02628968253968254
0 0.6910876132930514 0.1111111111111111 0.032225579053373615 0.029265873015873016
0 0.749496475327291 0.06522817460317461 0.029707955689828803 0.030257936507936508
0 0.7605740181268882 0.09325396825396826 0.0377643504531722 0.034722222222222224
0 0.7812185297079557 0.08382936507936507 0.027190332326283987 0.023809523809523808
0 0.7517623363544814 0.10714285714285714 0.030211480362537766 0.019345238095238096
0 0.7696374622356495 0.1498015873015873 0.02769385699899295 0.027777777777777776
0 0.7588116817724069 0.1453373015873016 0.022658610271903322 0.02628968253968254
0 0.796576032225579 0.1939484126984127 0.02920443101711984 0.032242063492063495
0 0.7867573011077543 0.17212301587301587 0.021148036253776436 0.01984126984126984
0 0.7719033232628398 0.1827876984126984 0.02014098690835851 0.025297619047619048
0 0.7590634441087614 0.1974206349206349 0.0256797583081571 0.0248015873015873
0 0.7404330312185297 0.24379960317460317 0.0256797583081571 0.024305555555555556
0 0.6953675730110775 0.23883928571428573 0.0256797583081571 0.024305555555555556
0 0.7041792547834844 0.2552083333333333 0.017623363544813697 0.016865079365079364
0 0.7145015105740181 0.2611607142857143 0.016112789526686808 0.01984126984126984
0 0.5707452165156093 0.22941468253968253 0.019637462235649546 0.023809523809523808
0 0.6085095669687814 0.234375 0.02366565961732125 0.01984126984126984
0 0.6110271903323263 0.25049603174603174 0.021148036253776436 0.01984126984126984
0 0.573766364551863 0.24950396825396826 0.02416918429003021 0.023809523809523808
0 0.5876132930513596 0.25818452380952384 0.017623363544813697 0.020833333333333332
0 0.5986908358509567 0.265625 0.01863041289023162 0.018353174603174604
0 0.5221550855991943 0.25570436507936506 0.017623363544813697 0.016865079365079364
0 0.5395266868076536 0.2854662698412698 0.026183282980866064 0.026785714285714284
0 0.5281973816717019 0.2904265873015873 0.01812688821752266 0.015376984126984126
0 0.513595166163142 0.29365079365079366 0.011581067472306143 0.016865079365079364
0 0.5629405840886204 0.27331349206349204 0.01863041289023162 0.01984126984126984
0 0.5639476334340383 0.25496031746031744 0.017623363544813697 0.02132936507936508
0 0.5511077542799597 0.25223214285714285 0.012588116817724069 0.017857142857142856
0 0.6331822759315207 0.30084325396825395 0.010574018126888218 0.020337301587301588
0 0.6248741188318228 0.29389880952380953 0.019637462235649546 0.020337301587301588
0 0.6326787512588117 0.23313492063492064 0.022155085599194362 0.024305555555555556
0 0.6354481369587109 0.2562003968253968 0.023162134944612285 0.023809523809523808
0 0.6487915407854985 0.27380952380952384 0.022658610271903322 0.023809523809523808
0 0.6591137965760322 0.2787698412698413 0.022155085599194362 0.027777777777777776
0 0.9632426988922457 0.03844246031746032 0.07351460221550855 0.03422619047619048
0 0.9473816717019133 0.3373015873015873 0.027190332326283987 0.027777777777777776
0 0.9076032225579054 0.3253968253968254 0.0256797583081571 0.0248015873015873
0 0.8826787512588117 0.3087797619047619 0.022658610271903322 0.024305555555555556
0 0.8338368580060423 0.31845238095238093 0.025176233635448138 0.020833333333333332
0 0.8494461228600202 0.3115079365079365 0.0216515609264854 0.021825396825396824
0 0.7832326283987915 0.32242063492063494 0.020644511581067473 0.021825396825396824
0 0.8250251762336355 0.3350694444444444 0.022155085599194362 0.020833333333333332
0 0.9881671701913394 0.20684523809523808 0.02366565961732125 0.023809523809523808
0 0.8592648539778449 0.2941468253968254 0.020644511581067473 0.01984126984126984
0 0.8967774420946626 0.27356150793650796 0.01661631419939577 0.017857142857142856
0 0.8935045317220544 0.41889880952380953 0.026686807653575024 0.024305555555555556
0 0.9350453172205438 0.35813492063492064 0.020644511581067473 0.020337301587301588
0 0.9906847935548841 0.31746031746031744 0.01863041289023162 0.01984126984126984
0 0.9818731117824774 0.34151785714285715 0.017623363544813697 0.014384920634920634
0 0.9967270896273918 0.38492063492063494 0.006545820745216516 0.020833333333333332
0 0.9798590130916415 0.43526785714285715 0.01863041289023162 0.019345238095238096
0 0.9851460221550856 0.4246031746031746 0.0216515609264854 0.017361111111111112
0 0.9929506545820745 0.43601190476190477 0.013091641490433032 0.017361111111111112