0 0.9090154867256637 0.7058998808104887 0.04701327433628318 0.056615017878426696
0 0.9048672566371682 0.6099523241954709 0.04480088495575221 0.050059594755661505
0 0.9659845132743363 0.5625744934445769 0.035398230088495575 0.03873659117997616
0 0.947179203539823 0.5882002383790227 0.027101769911504425 0.03098927294398093
0 0.9922566371681416 0.5926698450536353 0.007743362831858407 0.030393325387365912
0 0.9908738938053098 0.5476758045292014 0.016592920353982302 0.03218116805721097
0 0.9704092920353983 0.5408224076281287 0.02820796460176991 0.018474374255065554
0 0.9872787610619469 0.5154946364719905 0.025442477876106196 0.03218116805721097
0 0.9922566371681416 0.4538140643623361 0.015486725663716814 0.04469606674612634
0 0.9897676991150443 0.4201430274135876 0.020464601769911505 0.03098927294398093
0 0.9587942477876106 0.45441001191895114 0.025995575221238937 0.041120381406436236
0 0.9339048672566371 0.46096543504171633 0.04480088495575221 0.052443384982121574
0 0.9228429203539823 0.4943384982121573 0.02765486725663717 0.03158522050059595
0 0.8813606194690266 0.4684147794994041 0.03926991150442478 0.04410011918951132
0 0.900995575221239 0.4389153754469607 0.0420353982300885 0.045887961859356376
0 0.8570243362831859 0.44815256257449343 0.03263274336283186 0.03575685339690107
0 0.8412610619469026 0.4204410011918951 0.0420353982300885 0.04886769964243146
0 0.8188606194690266 0.43802145411203813 0.041482300884955754 0.04767580452920143
0 0.7834623893805309 0.5071513706793802 0.03152654867256637 0.037544696066746125
0 0.8022676991150443 0.5053635280095352 0.025995575221238937 0.041120381406436236
0 0.785674778761062 0.47377830750893923 0.03761061946902655 0.03396901072705602
0 0.7782079646017699 0.44874851013110845 0.042588495575221236 0.04886769964243146
0 0.8097345132743363 0.3906436233611442 0.048672566371681415 0.05303933253873659
0 0.8639380530973452 0.3960071513706794 0.04424778761061947 0.04767580452920143
0 0.8954646017699115 0.3763408820023838 0.042588495575221236 0.04886769964243146
0 0.9139933628318584 0.399880810488677 0.03926991150442478 0.03873659117997616
0 0.9170353982300885 0.3295589988081049 0.035398230088495575 0.037544696066746125
0 0.7508296460176991 0.3593563766388558 0.034292035398230086 0.039928486293206195
0 0.7475110619469026 0.316746126340882 0.041482300884955754 0.04767580452920143
0 0.7010508849557522 0.3772348033373063 0.035398230088495575 0.03694874851013111
0 0.7049225663716814 0.43414779499404055 0.040376106194690266 0.048271752085816445
0 0.7701880530973452 0.48748510131108463 0.016039823008849558 0.01966626936829559
0 0.7870575221238938 0.5551251489868891 0.032079646017699116 0.03635280095351609
0 0.771570796460177 0.5455899880810489 0.025995575221238937 0.03158522050059595
0 0.6498893805309734 0.5137067938021455 0.04314159292035398 0.04707985697258641
0 0.6512721238938053 0.5539332538736591 0.028761061946902654 0.03098927294398093
0 0.6581858407079646 0.4898688915375447 0.03263274336283186 0.026221692491060787
0 0.5813053097345132 0.4612634088200238 0.032079646017699116 0.03456495828367104
0 0.6017699115044248 0.3930274135876043 0.046460176991150445 0.052443384982121574
0 0.6388274336283186 0.3528009535160906 0.034292035398230086 0.035160905840286055
0 0.6703539823008849 0.3438617401668653 0.01991150442477876 0.02443384982121573
0 0.5810287610619469 0.32926102502979737 0.034292035398230086 0.032777115613825986
0 0.6468473451327433 0.28754469606674615 0.03705752212389381 0.03456495828367104
0 0.5500553097345132 0.3447556615017878 0.042588495575221236 0.04648390941597139
0 0.5334623893805309 0.38557806912991655 0.03650442477876106 0.041716328963051254
0 0.43998893805309736 0.6376638855780691 0.029867256637168143 0.03396901072705602
0 0.46238938053097345 0.5330750893921334 0.03263274336283186 0.03814064362336114
0 0.38025442477876104 0.5578069129916567 0.024889380530973452 0.027413587604290822
0 0.3860619469026549 0.5050655542312277 0.03926991150442478 0.04290822407628129
0 0.37057522123893805 0.47586412395709177 0.033185840707964605 0.03396901072705602
0 0.36117256637168144 0.49314660309892727 0.01991150442477876 0.01966626936829559
0 0.34043141592920356 0.4797377830750894 0.033185840707964605 0.037544696066746125
0 0.4446902654867257 0.43861740166865315 0.03373893805309734 0.035160905840286055
0 0.4139933628318584 0.41418355184743744 0.03650442477876106 0.03933253873659118
0 0.37582964601769914 0.32151370679380215 0.03263274336283186 0.032777115613825986
0 0.31305309734513276 0.32151370679380215 0.042588495575221236 0.04886769964243146
0 0.32826327433628316 0.2666865315852205 0.04424778761061947 0.04707985697258641
0 0.3476216814159292 0.4198450536352801 0.023230088495575223 0.023241954707985697
0 0.33241150442477874 0.40911799761620976 0.034292035398230086 0.03456495828367104
0 0.2851216814159292 0.4430870083432658 0.035398230088495575 0.041716328963051254
0 0.27654867256637167 0.3721692491060787 0.04480088495575221 0.05184743742550656
0 0.24861725663716813 0.35727056019070325 0.030420353982300884 0.03694874851013111
0 0.23478982300884957 0.38498212157330153 0.0293141592920354 0.03218116805721097
0 0.23672566371681417 0.4210369487485101 0.028761061946902654 0.032777115613825986
0 0.25663716814159293 0.44159713945172824 0.02157079646017699 0.023241954707985697
0 0.24557522123893805 0.464839094159714 0.020464601769911505 0.023837902264600714
0 0.22925884955752213 0.46811680572109654 0.02157079646017699 0.026817640047675805
0 0.19773230088495575 0.5029797377830751 0.03484513274336283 0.039928486293206195
0 0.18390486725663716 0.5604886769964244 0.03373893805309734 0.03873659117997616
0 0.1866703539823009 0.5253277711561383 0.023783185840707963 0.023837902264600714
0 0.11753318584070796 0.5321811680572109 0.028761061946902654 0.030393325387365912
0 0.09098451327433628 0.5300953516090584 0.0293141592920354 0.030393325387365912
0 0.06830752212389381 0.5560190703218116 0.03484513274336283 0.03694874851013111
0 0.11283185840707964 0.48748510131108463 0.024336283185840708 0.02562574493444577
0 0.11670353982300885 0.4526221692491061 0.0293141592920354 0.032777115613825986
0 0.15210176991150443 0.41150178784266983 0.02157079646017699 0.026221692491060787
0 0.1601216814159292 0.36442193087008345 0.03705752212389381 0.037544696066746125
0 0.144358407079646 0.38528009535160906 0.032079646017699116 0.03456495828367104
0 0.09679203539823009 0.3298569725864124 0.04480088495575221 0.04886769964243146
0 0.10038716814159292 0.2744338498212157 0.04092920353982301 0.04529201430274136
0 0.12527654867256638 0.24106078665077474 0.030420353982300884 0.041120381406436236
0 0.10868362831858407 0.23212157330154945 0.040376106194690266 0.048271752085816445
0 0.08296460176991151 0.21960667461263408 0.03650442477876106 0.04410011918951132
0 0.12444690265486726 0.4275923718712753 0.02157079646017699 0.018474374255065554
0 0.12748893805309736 0.41150178784266983 0.02101769911504425 0.027413587604290822
0 0.18722345132743362 0.4088200238379023 0.033185840707964605 0.03456495828367104
0 0.21847345132743362 0.41179976162097737 0.017146017699115043 0.026817640047675805
0 0.21045353982300885 0.44219308700834326 0.018805309734513276 0.02264600715137068
0 0.2195796460176991 0.3098927294398093 0.03705752212389381 0.04231227651966627
0 0.20547566371681417 0.3206197854588796 0.032079646017699116 0.03456495828367104
0 0.16758849557522124 0.3072109654350417 0.04701327433628318 0.05065554231227652
0 0.1844579646017699 0.32091775923718713 0.016039823008849558 0.02562574493444577
0 0.21073008849557523 0.24940405244338498 0.04701327433628318 0.048271752085816445
0 0.15846238938053098 0.2359952324195471 0.022123893805309734 0.027413587604290822
0 0.20658185840707965 0.21156138259833135 0.03761061946902655 0.03694874851013111
0 0.18888274336283187 0.183253873659118 0.035398230088495575 0.03635280095351609
0 0.1388274336283186 0.1936829558998808 0.034292035398230086 0.03575685339690107
0 0.12859513274336284 0.14928486293206197 0.034292035398230086 0.03218116805721097
0 0.09292035398230089 0.19576877234803336 0.03761061946902655 0.029797377830750895
0 0.05558628318584071 0.20709177592371872 0.03871681415929203 0.04052443384982122
0 0.03152654867256637 0.1999404052443385 0.01825221238938053 0.026221692491060787
0 0.07383849557522124 0.47794994040524436 0.024889380530973452 0.025029797377830752
0 0.050055309734513276 0.4612634088200238 0.02101769911504425 0.02443384982121573
0 0.02820796460176991 0.4806317044100119 0.02654867256637168 0.029201430274135878
0 0.17754424778761063 0.4865911799761621 0.019358407079646017 0.021454112038140644
0 0.2099004424778761 0.48480333730631703 0.020464601769911505 0.015494636471990465
0 0.16371681415929204 0.4603694874851013 0.017699115044247787 0.01907032181168057
0 0.1747787610619469 0.42640047675804527 0.017699115044247787 0.017878426698450536
0 0.30807522123893805 0.44845053635280097 0.019358407079646017 0.02205005959475566
0 0.2851216814159292 0.4007747318235995 0.022123893805309734 0.023837902264600714
0 0.37555309734513276 0.350715137067938 0.030973451327433628 0.029797377830750895
0 0.48672566371681414 0.4570917759237187 0.02765486725663717 0.030393325387365912
0 0.43086283185840707 0.5306912991656734 0.01825221238938053 0.02026221692491061
0 0.44220132743362833 0.5268176400476758 0.014933628318584071 0.02562574493444577
0 0.5179756637168141 0.49821215733015495 0.015486725663716814 0.018474374255065554
0 0.49861725663716816 0.49761620977353993 0.016039823008849558 0.0166865315852205
0 0.4491150442477876 0.6013110846245531 0.017146017699115043 0.017878426698450536
0 0.46792035398230086 0.6010131108462455 0.016039823008849558 0.018474374255065554
0 0.4850663716814159 0.5944576877234803 0.01327433628318584 0.014302741358760428
0 0.34264380530973454 0.4404052443384982 0.023230088495575223 0.01966626936829559
0 0.8584070796460177 0.5563170441001192 0.023783185840707963 0.026221692491060787
0 0.08628318584070796 0.4940405244338498 0.014933628318584071 0.018474374255065554
0 0.08932522123893805 0.4791418355184744 0.012721238938053098 0.016090584028605484
0 0.02654867256637168 0.5092371871275327 0.014933628318584071 0.015494636471990465
0 0.01991150442477876 0.49910607866507745 0.014933628318584071 0.014302741358760428
0 0.030420353982300884 0.49880810488676997 0.009402654867256638 0.010727056019070322
0 0.010785398230088495 0.4856972586412396 0.014380530973451327 0.0166865315852205
0 0.09872787610619468 0.48182359952324194 0.008849557522123894 0.013110846245530394
0 0.12914823008849557 0.4821215733015495 0.00995575221238938 0.013706793802145411