0 0.0268685881778212 0.36869679109364767 0.021983390327308255 0.025540275049115914
0 0.05764533463605276 0.36345776031434185 0.01074743527112848 0.01309757694826457
0 0.0625305324865657 0.3948919449901768 0.014167073766487542 0.01768172888015717
0 0.07718612603810454 0.3935821872953504 0.013678553981436248 0.020956123117223315
0 0.07620908646800195 0.4027504911591356 0.013678553981436248 0.015062213490504257
0 0.09477283829995115 0.35821872953503603 0.022960429897410845 0.032089063523248196
0 0.1167562286272594 0.3608382449246889 0.025403028822667317 0.034053700065487885
0 0.126038104543234 0.3876882776686313 0.024425989252564728 0.029469548133595286
0 0.10258915486077186 0.3929273084479371 0.012701514411333659 0.0183366077275704
0 0.08011724474841231 0.3254747871643746 0.018563751831949193 0.024230517354289455
0 0.07572056668295066 0.30779305828421744 0.013678553981436248 0.016371971185330715
0 0.11871030776746458 0.18729535036018335 0.024425989252564728 0.03798297314996726
0 0.13971665852467025 0.2036673215455141 0.027357107962872496 0.03798297314996726
0 0.16902784562774792 0.20235756385068762 0.034684904738641914 0.038637851997380485
0 0.12896922325354176 0.31565160445317614 0.025403028822667317 0.0366732154551408
0 0.142647777234978 0.2966601178781925 0.017586712261846604 0.020301244269810084
0 0.1626770884220811 0.3117223313686968 0.017586712261846604 0.024230517354289455
0 0.1533952125061065 0.35036018336607727 0.015144113336590131 0.024230517354289455
0 0.1700048851978505 0.3608382449246889 0.018563751831949193 0.03077930582842174
0 0.2061553492916463 0.3883431565160445 0.030288226673180263 0.0412573673870334
0 0.25158768930141673 0.4119187950229208 0.028334147532975085 0.03339882121807466
0 0.22813873961895456 0.3483955468238376 0.02784562774792379 0.03143418467583497
0 0.2340009770395701 0.3660772757039948 0.02979970688812897 0.03077930582842174
0 0.2877381533952125 0.40537000654878846 0.02051783097215437 0.032089063523248196
0 0.2804103566194431 0.3614931237721022 0.02784562774792379 0.0412573673870334
0 0.2994626282364436 0.36280288146692863 0.01612115290669272 0.02619515389652914
0 0.2677088422081094 0.352324819908317 0.01709819247679531 0.023575638506876228
0 0.25598436736687835 0.3235101506221349 0.032730825598436736 0.03339882121807466
0 0.2159257449926722 0.2914210870988867 0.032730825598436736 0.042567125081859856
0 0.18563751831949193 0.25802226588081206 0.015144113336590131 0.024230517354289455
0 0.19149975574010747 0.28552717747216766 0.014167073766487542 0.021611001964636542
0 0.22227650219833903 0.21938441388343158 0.024425989252564728 0.030124426981008513
0 0.24914509037616023 0.22396856581532418 0.02051783097215437 0.0275049115913556
0 0.24572545188080117 0.19842829076620824 0.018563751831949193 0.03339882121807466
0 0.2975085490962384 0.23444662737393582 0.030288226673180263 0.043222003929273084
0 0.2979970688812897 0.26588081204977076 0.027357107962872496 0.03536345776031434
0 0.2789447972642892 0.2783235101506221 0.028334147532975085 0.0412573673870334
0 0.3014167073766488 0.28945645055664704 0.019540791402051783 0.028159790438768827
0 0.32095749877870056 0.275049115913556 0.012701514411333659 0.01768172888015717
0 0.32877381533952127 0.320890635232482 0.02051783097215437 0.03077930582842174
0 0.33854421104054716 0.34053700065487885 0.0180752320468979 0.0275049115913556
0 0.36248168050806057 0.35821872953503603 0.015144113336590131 0.017026850032743943
0 0.3527112848070347 0.42829076620825146 0.025891548607718612 0.0366732154551408
0 0.35368832437713726 0.20039292730844793 0.026380068392769906 0.038637851997380485
0 0.35026868588177823 0.2311722331368697 0.0268685881778212 0.024885396201702686
0 0.40937957987298484 0.25736738703339884 0.0268685881778212 0.04191224623444663
0 0.3707865168539326 0.28552717747216766 0.02882266731802638 0.03339882121807466
0 0.3673668783585735 0.30844793713163066 0.024425989252564728 0.020956123117223315
0 0.38983878847093306 0.2966601178781925 0.013190034196384953 0.01899148657498363
0 0.42745481191988277 0.30189914865749834 0.015632633121641426 0.024230517354289455
0 0.4220810942843185 0.26522593320235754 0.0180752320468979 0.022920759659463
0 0.4484611626770884 0.2815979043876883 0.01612115290669272 0.020956123117223315
0 0.42843185148998536 0.24426981008513424 0.013190034196384953 0.01899148657498363
0 0.4518808011724475 0.2337917485265226 0.025891548607718612 0.04191224623444663
0 0.517342452369321 0.17485265225933203 0.025891548607718612 0.01899148657498363
0 0.4499267220322423 0.32940406024885394 0.015632633121641426 0.020301244269810084
0 0.4670249145090376 0.35036018336607727 0.028334147532975085 0.04387688277668631
0 0.4176844162188569 0.3700065487884741 0.019540791402051783 0.028814669286182055
0 0.43917928676111384 0.4079895219384414 0.02247191011235955 0.030124426981008513
0 0.42598925256472886 0.44662737393582186 0.021006350757205666 0.03077930582842174
0 0.5109916951636542 0.3844138834315652 0.02979970688812897 0.03994760969220694
0 0.48168050806057644 0.29927963326784546 0.024914509037616023 0.028814669286182055
0 0.4963361016121153 0.3483955468238376 0.024425989252564728 0.03536345776031434
0 0.4934049829018075 0.37262606417812705 0.015632633121641426 0.019646365422396856
0 0.5393258426966292 0.3785199738048461 0.022960429897410845 0.028159790438768827
0 0.5319980459208598 0.26588081204977076 0.019052271617000488 0.019646365422396856
0 0.5764533463605276 0.43418467583497056 0.029311187103077674 0.042567125081859856
0 0.5925744992672203 0.426981008513425 0.021983390327308255 0.03339882121807466
0 0.5959941377625794 0.3719711853307138 0.029311187103077674 0.03929273084479371
0 0.5666829506595017 0.40995415848068106 0.010258915486077186 0.0137524557956778
0 0.563751831949194 0.3097576948264571 0.024914509037616023 0.03274394237066143
0 0.5676599902296043 0.2678454485920105 0.0268685881778212 0.047151277013752456
0 0.6077186126038104 0.2632612966601179 0.028334147532975085 0.04191224623444663
0 0.6311675622862726 0.2429600523903078 0.023937469467513434 0.045841519318926
0 0.6311675622862726 0.2737393582187295 0.02149487054225696 0.029469548133595286
0 0.6443575964826576 0.3012442698100851 0.028334147532975085 0.03929273084479371
0 0.6326331216414265 0.3097576948264571 0.02051783097215437 0.03143418467583497
0 0.6785539814362481 0.2796332678454486 0.024425989252564728 0.03732809430255403
0 0.6863702979970688 0.2409954158480681 0.019540791402051783 0.02619515389652914
0 0.6189545676599902 0.3477406679764244 0.015632633121641426 0.019646365422396856
0 0.6360527601367856 0.34512115258677145 0.015144113336590131 0.020956123117223315
0 0.6726917440156326 0.32154551407989523 0.01709819247679531 0.01899148657498363
0 0.6805080605764533 0.3392272429600524 0.024914509037616023 0.03536345776031434
0 0.6604787493893503 0.31761624099541585 0.019540791402051783 0.025540275049115914
0 0.646800195407914 0.320890635232482 0.012701514411333659 0.015717092337917484
0 0.6521739130434783 0.3706614276358874 0.013190034196384953 0.0183366077275704
0 0.6741573033707865 0.36280288146692863 0.014655593551538837 0.021611001964636542
0 0.6511968734733756 0.41846758349705304 0.013678553981436248 0.019646365422396856
0 0.6531509526135808 0.43680419122462344 0.013678553981436248 0.020301244269810084
0 0.6355642403517342 0.4217419777341192 0.014655593551538837 0.020956123117223315
0 0.6389838788470933 0.4348395546823838 0.014655593551538837 0.020956123117223315
0 0.7352222765021983 0.3569089718402096 0.029311187103077674 0.04453176162409954
0 0.7303370786516854 0.3948919449901768 0.028334147532975085 0.03732809430255403
0 0.7552515876893015 0.3850687622789784 0.022960429897410845 0.0366732154551408
0 0.7596482657547631 0.3569089718402096 0.023937469467513434 0.03274394237066143
0 0.7708842208109429 0.44597249508840864 0.025891548607718612 0.03732809430255403
0 0.7674645823155838 0.4865749836280288 0.020029311187103077 0.034053700065487885
0 0.7181240840254031 0.4905042567125082 0.019052271617000488 0.028814669286182055
0 0.6316560820713238 0.48919449901768175 0.012212994626282364 0.01768172888015717
0 0.7508549096238397 0.3189259986902423 0.024914509037616023 0.03274394237066143
0 0.8212017586712261 0.297969875573019 0.022960429897410845 0.02619515389652914
0 0.8070346849047386 0.3091028159790439 0.018563751831949193 0.023575638506876228
0 0.8549096238397655 0.2593320235756385 0.024914509037616023 0.029469548133595286
0 0.8695652173913043 0.29273084479371314 0.024425989252564728 0.029469548133595286
0 0.870542256961407 0.31303208906352326 0.02247191011235955 0.028159790438768827
0 0.8055691255495847 0.4066797642436149 0.02149487054225696 0.028814669286182055
0 0.84904738641915 0.435494433529797 0.019540791402051783 0.0275049115913556
0 0.8588177821201759 0.366732154551408 0.015632633121641426 0.019646365422396856
0 0.8964338055691256 0.49443352979698757 0.024425989252564728 0.034053700065487885
0 0.8964338055691256 0.43418467583497056 0.025891548607718612 0.03470857891290111
0 0.9193942354665364 0.44335297969875576 0.02979970688812897 0.04060248853962017
0 0.9096238397655105 0.4577603143418468 0.02344894968246214 0.028159790438768827
0 0.9242794333170493 0.4132285527177472 0.021006350757205666 0.023575638506876228
0 0.9159745969711773 0.3929273084479371 0.019540791402051783 0.024230517354289455
0 0.9491939423546654 0.35494433529796987 0.016609672691744015 0.024885396201702686
0 0.8197361993160723 0.5134250163719711 0.0180752320468979 0.025540275049115914
0 0.8094772838299951 0.4721676489849378 0.021006350757205666 0.028814669286182055
0 0.8163165608207132 0.4931237721021611 0.017586712261846604 0.020956123117223315
0 0.6590131900341963 0.5022920759659463 0.01074743527112848 0.01768172888015717
0 0.6223742061553493 0.4577603143418468 0.009281875915974597 0.016371971185330715
0 0.5979482169027845 0.48068107400130977 0.01074743527112848 0.014407334643091027
0 0.6414264777723497 0.4564505566470203 0.011235955056179775 0.014407334643091027
0 0.6262823644357597 0.5022920759659463 0.011235955056179775 0.015717092337917484
0 0.6165119687347338 0.5075311067452521 0.010258915486077186 0.015062213490504257
0 0.638495359062042 0.5108055009823183 0.01074743527112848 0.01309757694826457
0 0.6648754274548119 0.5108055009823183 0.01074743527112848 0.014407334643091027
0 0.673180263800684 0.5049115913555993 0.012212994626282364 0.0137524557956778
0 0.6658524670249145 0.518664047151277 0.008793356130923302 0.008513425016371971
0 0.6443575964826576 0.5180091683038638 0.008304836345872008 0.010478061558611657
0 0.651685393258427 0.49181401440733463 0.008304836345872008 0.012442698100851343
0 0.6497313141182218 0.49836280288146695 0.007816316560820713 0.012442698100851343
0 0.7440156326331216 0.4819908316961362 0.010258915486077186 0.0137524557956778
0 0.734733756717147 0.481335952848723 0.008793356130923302 0.012442698100851343
0 0.6927210552027357 0.46168958742632615 0.01172447484123107 0.015717092337917484
0 0.6795310210063508 0.47806155861165683 0.009770395701025891 0.012442698100851343
0 0.6678065461651197 0.48330058939096265 0.012701514411333659 0.014407334643091027
0 0.6829506595017099 0.4885396201702685 0.008304836345872008 0.011787819253438114
0 0.6858817782120176 0.49836280288146695 0.006839276990718124 0.009823182711198428