0 0.22049525816649104 0.20617070357554787 0.04162276080084299 0.049019607843137254
0 0.2273445732349842 0.19261822376009227 0.04267650158061117 0.04671280276816609
0 0.2102212855637513 0.17301038062283736 0.044257112750263436 0.049019607843137254
0 0.26264488935721814 0.211361014994233 0.05005268703898841 0.05651672433679354
0 0.1261854583772392 0.31862745098039214 0.04741833508956796 0.0530565167243368
0 0.22391991570073763 0.2944059976931949 0.04320337197049526 0.04498269896193772
0 0.17860906217070602 0.2779700115340254 0.04214963119072708 0.04671280276816609
0 0.1743940990516333 0.23212226066897348 0.044257112750263436 0.050173010380622836
0 0.17518440463645943 0.38985005767012687 0.03898840885142255 0.03460207612456748
0 0.26264488935721814 0.447520184544406 0.04267650158061117 0.04844290657439446
0 0.15727081138040042 0.46539792387543255 0.037407797681770286 0.0461361014994233
0 0.14251844046364595 0.48875432525951557 0.03371970495258166 0.03748558246828143
0 0.1541095890410959 0.5245098039215687 0.037934668071654375 0.04498269896193772
0 0.10405690200210749 0.4798154555940023 0.033192834562697573 0.03806228373702422
0 0.12407797681770284 0.44492502883506346 0.029504741833508957 0.03517877739331027
0 0.21970495258166492 0.5741061130334487 0.03161222339304531 0.03517877739331027
0 0.2410432033719705 0.5565167243367936 0.03108535300316122 0.03748558246828143
0 0.31138040042149634 0.5288350634371396 0.02845100105374078 0.03229527104959631
0 0.3377239199157007 0.49855824682814304 0.030031612223393046 0.03229527104959631
0 0.38962065331928347 0.48212226066897346 0.0458377239199157 0.049019607843137254
0 0.3245521601685985 0.4302191464821223 0.04373024236037935 0.0461361014994233
0 0.30242360379346683 0.41234140715109574 0.029504741833508957 0.03229527104959631
0 0.35563751317175973 0.42474048442906576 0.03530031612223393 0.034025374855824686
0 0.3574815595363541 0.39273356401384085 0.03530031612223393 0.025374855824682813
0 0.3993677555321391 0.4039792387543253 0.05690200210748156 0.06459054209919261
0 0.4262381454162276 0.37081891580161475 0.044257112750263436 0.04267589388696655
0 0.4207060063224447 0.35322952710495964 0.0368809272918862 0.040369088811995385
0 0.46522655426765014 0.36389850057670126 0.04214963119072708 0.049019607843137254
0 0.49683877766069545 0.3771626297577855 0.04373024236037935 0.05536332179930796
0 0.41886195995785036 0.3082468281430219 0.04162276080084299 0.04267589388696655
0 0.37565858798735513 0.3267012687427912 0.04794520547945205 0.04382929642445214
0 0.4383561643835616 0.2442329873125721 0.037934668071654375 0.03344867358708189
0 0.1530558482613277 0.3760092272202999 0.022128556375131718 0.02710495963091119
0 0.2226027397260274 0.3621683967704729 0.02845100105374078 0.030565167243367934
0 0.017123287671232876 0.49596309111880044 0.03424657534246575 0.040369088811995385
0 0.05742887249736565 0.5051903114186851 0.0410958904109589 0.039792387543252594
0 0.004478398314014752 0.5478662053056517 0.008956796628029505 0.03344867358708189
0 0.07876712328767123 0.5813148788927336 0.020021074815595362 0.02191464821222607
0 0.130927291886196 0.5343137254901961 0.02528977871443625 0.029411764705882353
0 0.49262381454162274 0.4604959630911188 0.0368809272918862 0.04267589388696655
0 0.5028977871443625 0.44492502883506346 0.03582718651211802 0.039792387543252594
0 0.5645416227608009 0.2967128027681661 0.045310853530031614 0.04267589388696655
0 0.5500526870389885 0.2690311418685121 0.0505795574288725 0.0530565167243368
0 0.6056375131717597 0.3027681660899654 0.04214963119072708 0.0461361014994233
0 0.6256585879873551 0.28431372549019607 0.03898840885142255 0.040945790080738176
0 0.6501580611169653 0.3333333333333333 0.038461538461538464 0.04267589388696655
0 0.6854583772391991 0.2897923875432526 0.04899894625922023 0.05651672433679354
0 0.7702845100105374 0.3284313725490196 0.044783983140147525 0.04786620530565167
0 0.7726554267650158 0.2828719723183391 0.05532139093782929 0.05594002306805075
0 0.7120653319283456 0.29930795847750863 0.03371970495258166 0.03806228373702422
0 0.6625395152792413 0.2243367935409458 0.04267650158061117 0.04728950403690888
0 0.7344573234984194 0.23817762399077277 0.03477344573234984 0.029411764705882353
0 0.7813487881981033 0.23327566320645907 0.04794520547945205 0.04325259515570934
0 0.7958377239199157 0.2577854671280277 0.033192834562697573 0.02710495963091119
0 0.8137513171759747 0.2655709342560554 0.032665964172813484 0.030565167243367934
0 0.6261854583772392 0.4195501730103806 0.04214963119072708 0.04498269896193772
0 0.6541095890410958 0.4071510957324106 0.03530031612223393 0.04209919261822376
0 0.6896733403582719 0.4083044982698962 0.02845100105374078 0.029988465974625143
0 0.7513171759747103 0.43685121107266434 0.032665964172813484 0.03806228373702422
0 0.7687038988408852 0.3982122260668973 0.032665964172813484 0.03748558246828143
0 0.8134878819810326 0.40369088811995385 0.029504741833508957 0.03229527104959631
0 0.8667017913593256 0.3748558246828143 0.04320337197049526 0.04728950403690888
0 0.8959430979978925 0.4077277970011534 0.04056902002107481 0.04440599769319493
0 0.9657534246575342 0.3855247981545559 0.04373024236037935 0.0461361014994233
0 0.9312434141201265 0.33765859284890426 0.0410958904109589 0.04382929642445214
0 0.910168598524763 0.32583621683967706 0.04056902002107481 0.05594002306805075
0 0.8838250790305585 0.47808535178777395 0.04056902002107481 0.04555940023068051
0 0.7486828240252897 0.4801038062283737 0.0321390937829294 0.03633217993079585
0 0.8198103266596417 0.45876585928489044 0.03477344573234984 0.03633217993079585
0 0.8184931506849316 0.4936562860438293 0.02897787144362487 0.034025374855824686
0 0.7929399367755532 0.49855824682814304 0.03371970495258166 0.0392156862745098
0 0.8042676501580611 0.5227797001153403 0.033192834562697573 0.03806228373702422
0 0.6975763962065332 0.48471741637831606 0.026870389884088516 0.029988465974625143
0 0.49683877766069545 0.7125144175317186 0.03582718651211802 0.03748558246828143
0 0.4718124341412013 0.6337946943483276 0.02792413066385669 0.029411764705882353
0 0.4570600632244468 0.6061130334486736 0.03371970495258166 0.03690888119953864
0 0.4459957850368809 0.5723760092272203 0.030031612223393046 0.03229527104959631
0 0.43651211801896733 0.5380622837370242 0.032665964172813484 0.03633217993079585
0 0.41122233930453106 0.532871972318339 0.026870389884088516 0.031718569780853516
0 0.3843519494204426 0.5464244521337946 0.026870389884088516 0.029411764705882353
0 0.3685458377239199 0.5100922722029988 0.02845100105374078 0.030565167243367934
0 0.38804004214963117 0.5126874279123415 0.02160168598524763 0.025374855824682813
0 0.37012644889357216 0.4535755478662053 0.03530031612223393 0.031718569780853516
0 0.36459430979978924 0.46943483275663206 0.02054794520547945 0.020761245674740483
0 0.7644889357218124 0.14907727797001152 0.03635405690200211 0.03229527104959631
0 0.5885142255005269 0.513840830449827 0.03898840885142255 0.040945790080738176
0 0.6361959957850368 0.6447520184544406 0.025816649104320338 0.029988465974625143
0 0.65463645943098 0.6136101499423299 0.02423603793466807 0.02710495963091119
0 0.6390937829293993 0.6026528258362168 0.02370916754478398 0.02883506343713956
0 0.7125922023182297 0.6245674740484429 0.02528977871443625 0.02768166089965398
0 0.7036354056902002 0.6023644752018454 0.022128556375131718 0.025374855824682813
0 0.7239199157007377 0.6043829296424452 0.022128556375131718 0.02306805074971165
0 0.6593782929399368 0.575836216839677 0.01738672286617492 0.01787773933102653
0 0.6554267650158061 0.5455594002306805 0.026343519494204427 0.030565167243367934
0 0.7149631190727082 0.5187427912341407 0.02423603793466807 0.025374855824682813
0 0.5405690200210748 0.5717993079584776 0.023182297154899896 0.024798154555940023
0 0.6375131717597471 0.46655132641291813 0.022128556375131718 0.024798154555940023
0 0.6799262381454162 0.47808535178777395 0.020021074815595362 0.02364475201845444
0 0.6828240252897787 0.4619377162629758 0.019494204425711276 0.021337946943483274
0 0.8348261327713382 0.5224913494809689 0.026343519494204427 0.0265282583621684
0 0.9183350895679663 0.5833333333333334 0.0321390937829294 0.03575547866205306
0 0.9855110642781876 0.5475778546712803 0.02897787144362487 0.034025374855824686
0 0.9907797681770284 0.5092272202998847 0.0184404636459431 0.029988465974625143
0 0.8785563751317176 0.435121107266436 0.026870389884088516 0.02883506343713956