0 0.75 0.3427734375 0.05374077976817703 0.0703125
0 0.815595363540569 0.2796223958333333 0.04056902002107481 0.0546875
0 0.6936248682824026 0.3258463541666667 0.037407797681770286 0.050130208333333336
0 0.7331401475237092 0.255859375 0.04899894625922023 0.059244791666666664
0 0.7078503688092729 0.19889322916666666 0.04214963119072708 0.049479166666666664
0 0.8501053740779768 0.3111979166666667 0.03424657534246575 0.043619791666666664
0 0.7824025289778714 0.2659505208333333 0.029504741833508957 0.039713541666666664
0 0.7676501580611169 0.2613932291666667 0.0184404636459431 0.037760416666666664
0 0.7291886195995785 0.3001302083333333 0.02423603793466807 0.030598958333333332
0 0.7773972602739726 0.3805338541666667 0.02897787144362487 0.035807291666666664
0 0.8108535300316122 0.3753255208333333 0.02792413066385669 0.037760416666666664
0 0.7942571127502634 0.3824869791666667 0.018967334035827187 0.026041666666666668
0 0.8432560590094836 0.3636067708333333 0.03477344573234984 0.04296875
0 0.8735511064278187 0.3629557291666667 0.02476290832455216 0.032552083333333336
0 0.899104320337197 0.3649088541666667 0.02528977871443625 0.034505208333333336
0 0.9122760800842993 0.3860677083333333 0.026343519494204427 0.03125
0 0.803740779768177 0.220703125 0.026343519494204427 0.041015625
0 0.6440990516332982 0.14192708333333334 0.033192834562697573 0.042317708333333336
0 0.6119599578503688 0.10026041666666667 0.04320337197049526 0.049479166666666664
0 0.6483140147523709 0.23404947916666666 0.0273972602739726 0.03515625
0 0.6030031612223393 0.2503255208333333 0.044257112750263436 0.055989583333333336
0 0.5152792413066386 0.15006510416666666 0.03530031612223393 0.046223958333333336
0 0.4844573234984194 0.0576171875 0.026870389884088516 0.025390625
0 0.4423076923076923 0.18684895833333334 0.03161222339304531 0.044270833333333336
0 0.5113277133825079 0.2848307291666667 0.0410958904109589 0.05078125
0 0.47523709167544786 0.2734375 0.03635405690200211 0.044921875
0 0.4214963119072708 0.4078776041666667 0.02845100105374078 0.036458333333333336
0 0.4254478398314015 0.2643229166666667 0.030558482613277135 0.038411458333333336
0 0.3938356164383562 0.23014322916666666 0.03108535300316122 0.037760416666666664
0 0.3822444678609062 0.2825520833333333 0.030031612223393046 0.033203125
0 0.37644889357218125 0.2594401041666667 0.02897787144362487 0.038411458333333336
0 0.34694415173867227 0.23014322916666666 0.022655426765015807 0.033854166666666664
0 0.36801896733403583 0.23111979166666666 0.022655426765015807 0.034505208333333336
0 0.3124341412012645 0.2314453125 0.03161222339304531 0.037760416666666664
0 0.3864594309799789 0.4514973958333333 0.02107481559536354 0.026692708333333332
0 0.36064278187565857 0.3929036458333333 0.02054794520547945 0.026692708333333332
0 0.3219178082191781 0.3815104166666667 0.01738672286617492 0.026692708333333332
0 0.26765015806111697 0.027018229166666668 0.045310853530031614 0.054036458333333336
0 0.12513171759747102 0.11067708333333333 0.033192834562697573 0.043619791666666664
0 0.10405690200210749 0.052408854166666664 0.02897787144362487 0.036458333333333336
0 0.10484720758693361 0.12141927083333333 0.02845100105374078 0.033203125
0 0.14199157007376184 0.15169270833333334 0.02845100105374078 0.035807291666666664
0 0.23366701791359326 0.22526041666666666 0.029504741833508957 0.039713541666666664
0 0.1304004214963119 0.185546875 0.02370916754478398 0.028645833333333332
0 0.07665964172813487 0.2392578125 0.032665964172813484 0.040364583333333336
0 0.130927291886196 0.3154296875 0.0273972602739726 0.032552083333333336
0 0.09562697576396206 0.279296875 0.02845100105374078 0.03125
0 0.059009483667017915 0.2835286458333333 0.02792413066385669 0.033203125
0 0.21522655426765017 0.2786458333333333 0.03108535300316122 0.038411458333333336
0 0.17518440463645943 0.2965494791666667 0.022655426765015807 0.026041666666666668
0 0.22312961011591148 0.3388671875 0.026343519494204427 0.031901041666666664
0 0.27291886195995785 0.2750651041666667 0.026870389884088516 0.035807291666666664
0 0.3061116965226554 0.26953125 0.03108535300316122 0.03515625
0 0.3198103266596417 0.2955729166666667 0.025816649104320338 0.030598958333333332
0 0.21628029504741833 0.392578125 0.02054794520547945 0.022786458333333332
0 0.2183877766069547 0.3756510416666667 0.022655426765015807 0.028645833333333332
0 0.051896733403582716 0.4222005208333333 0.022655426765015807 0.029947916666666668
0 0.007903055848261328 0.3590494791666667 0.009483667017913594 0.031901041666666664
0 0.01185458377239199 0.3092447916666667 0.01422550052687039 0.024739583333333332
0 0.040042149631190724 0.3219401041666667 0.020021074815595362 0.025390625
0 0.01554267650158061 0.23502604166666666 0.01738672286617492 0.024739583333333332
0 0.01554267650158061 0.21744791666666666 0.01685985247629083 0.037760416666666664
0 0.07455216016859853 0.21712239583333334 0.02845100105374078 0.017578125
0 0.14541622760800843 0.17252604166666666 0.02897787144362487 0.024088541666666668
0 0.21417281348788197 0.2591145833333333 0.02792413066385669 0.015625
0 0.19836670179135932 0.20670572916666666 0.02528977871443625 0.03125
0 0.2215489989462592 0.20670572916666666 0.02423603793466807 0.026041666666666668
0 0.17307692307692307 0.2552083333333333 0.022128556375131718 0.026041666666666668
0 0.4423076923076923 0.41796875 0.02054794520547945 0.028645833333333332
0 0.5244994731296101 0.4690755208333333 0.022655426765015807 0.028645833333333332
0 0.5492623814541623 0.6012369791666666 0.023182297154899896 0.02734375
0 0.6417281348788199 0.5003255208333334 0.0184404636459431 0.027994791666666668
0 0.6317175974710221 0.4990234375 0.022128556375131718 0.02734375
0 0.6322444678609063 0.5611979166666666 0.022128556375131718 0.028645833333333332
0 0.5937829293993677 0.5032552083333334 0.02160168598524763 0.02734375
0 0.6061643835616438 0.546875 0.018967334035827187 0.01953125
0 0.7123287671232876 0.4713541666666667 0.019494204425711276 0.026041666666666668
0 0.6765015806111696 0.4710286458333333 0.023182297154899896 0.028645833333333332
0 0.6591148577449948 0.4651692708333333 0.01738672286617492 0.017578125
0 0.6591148577449948 0.4860026041666667 0.018967334035827187 0.024739583333333332
0 0.6649104320337197 0.4505208333333333 0.018967334035827187 0.024739583333333332
0 0.6506849315068494 0.4459635416666667 0.020021074815595362 0.024739583333333332
0 0.7052160168598525 0.4020182291666667 0.01791359325605901 0.0234375
0 0.5761327713382508 0.5279947916666666 0.018967334035827187 0.024088541666666668
0 0.19230769230769232 0.3232421875 0.016332982086406742 0.020833333333333332
0 0.3479978925184405 0.3346354166666667 0.022128556375131718 0.020833333333333332
0 0.32903055848261326 0.3180338541666667 0.02054794520547945 0.022786458333333332
0 0.6180189673340358 0.5559895833333334 0.012118018967334035 0.01953125
0 0.6770284510010537 0.5263671875 0.01738672286617492 0.022135416666666668
0 0.7853003161222339 0.41796875 0.023182297154899896 0.02734375
0 0.7926765015806112 0.4410807291666667 0.01791359325605901 0.020833333333333332
0 0.7921496311907271 0.4619140625 0.02107481559536354 0.0234375
0 0.7734457323498419 0.4544270833333333 0.02054794520547945 0.026041666666666668
0 0.8237618545837724 0.4378255208333333 0.02845100105374078 0.026041666666666668
0 0.8303477344573235 0.455078125 0.02423603793466807 0.024739583333333332
0 0.8126975763962065 0.5315755208333334 0.01791359325605901 0.022786458333333332
0 0.79768177028451 0.5211588541666666 0.01791359325605901 0.0234375
0 0.8066385669125395 0.5087890625 0.015806111696522657 0.016927083333333332
0 0.7476290832455216 0.3981119791666667 0.02054794520547945 0.017578125
0 0.7289251844046365 0.3671875 0.02054794520547945 0.026692708333333332
0 0.8601159114857745 0.4791666666666667 0.0184404636459431 0.022786458333333332
0 0.9860379346680717 0.478515625 0.026870389884088516 0.033854166666666664
0 0.9491570073761855 0.4430338541666667 0.02845100105374078 0.033854166666666664
0 0.9133298208640674 0.4404296875 0.025816649104320338 0.02734375
0 0.9552160168598525 0.5305989583333334 0.022655426765015807 0.024739583333333332
0 0.9976290832455216 0.3229166666666667 0.004741833508956797 0.032552083333333336
0 0.5885142255005269 0.4459635416666667 0.015279241306638568 0.01953125
0 0.5097471022128557 0.4866536458333333 0.018967334035827187 0.022786458333333332
0 0.5171232876712328 0.4505208333333333 0.015279241306638568 0.018229166666666668
0 0.5706006322444679 0.4638671875 0.019494204425711276 0.014973958333333334
0 0.5171232876712328 0.43359375 0.015806111696522657 0.020833333333333332
0 0.5940463645943098 0.3626302083333333 0.02107481559536354 0.022786458333333332
0 0.4301896733403583 0.4664713541666667 0.01422550052687039 0.0234375
0 0.28055848261327715 0.4456380208333333 0.02160168598524763 0.026041666666666668