0 0.3799392097264438 0.3400597907324365 0.0364741641337386 0.05829596412556054
0 0.315096251266464 0.32698056801195813 0.020263424518743668 0.02765321375186846
0 0.3394123606889564 0.3695814648729447 0.02988855116514691 0.03886397608370702
0 0.2854609929078014 0.3479073243647235 0.023809523809523808 0.044095665171898356
0 0.2662107396149949 0.3923766816143498 0.02735562310030395 0.03961136023916293
0 0.281661600810537 0.4637518684603886 0.020263424518743668 0.02391629297458894
0 0.28318135764944274 0.4495515695067265 0.013677811550151976 0.014200298953662182
0 0.2662107396149949 0.4289985052316891 0.014690982776089158 0.02092675635276532
0 0.3242147922998987 0.4701046337817638 0.031408308004052685 0.04633781763826607
0 0.3411854103343465 0.4390881913303438 0.03242147922998987 0.04708520179372197
0 0.3619554204660588 0.4316143497757848 0.014184397163120567 0.02391629297458894
0 0.38069908814589665 0.3953662182361734 0.03343465045592705 0.053064275037369206
0 0.4146403242147923 0.39985052316890884 0.022796352583586626 0.0343796711509716
0 0.3958966565349544 0.4876681614349776 0.014690982776089158 0.02242152466367713
0 0.45364741641337386 0.48318385650224216 0.022289766970618033 0.0343796711509716
0 0.3670212765957447 0.5302690582959642 0.022796352583586626 0.03288490284005979
0 0.35739614994934144 0.5627802690582959 0.018743667679837893 0.028400597907324365
0 0.37487335359675783 0.5803437967115097 0.015197568389057751 0.02466367713004484
0 0.477710233029382 0.42414050822122573 0.024822695035460994 0.03662182361733931
0 0.4569402228976697 0.3688340807174888 0.02634245187436677 0.03811659192825112
0 0.4442755825734549 0.3295964125560538 0.028875379939209727 0.0343796711509716
0 0.4830293819655522 0.3419282511210762 0.027862208713272545 0.044095665171898356
0 0.5709219858156028 0.41218236173393125 0.02330293819655522 0.0343796711509716
0 0.5939716312056738 0.398729446935725 0.025835866261398176 0.03662182361733931
0 0.6147416413373861 0.44095665171898357 0.0243161094224924 0.03811659192825112
0 0.6081560283687943 0.42713004484304934 0.014690982776089158 0.01943198804185351
0 0.6418439716312057 0.45366218236173395 0.03900709219858156 0.04932735426008968
0 0.6524822695035462 0.4166666666666667 0.019250253292806486 0.02092675635276532
0 0.6471631205673759 0.3961136023916293 0.019250253292806486 0.02391629297458894
0 0.6583080040526849 0.34641255605381166 0.02634245187436677 0.030642750373692077
0 0.6795845997973657 0.35500747384155457 0.0243161094224924 0.04110612855007474
0 0.6811043566362716 0.30904334828101643 0.02988855116514691 0.04484304932735426
0 0.6111955420466059 0.3004484304932735 0.0243161094224924 0.029895366218236172
0 0.6056231003039514 0.34715994020926755 0.019250253292806486 0.02391629297458894
0 0.6930091185410334 0.23878923766816143 0.0243161094224924 0.02914798206278027
0 0.7608915906788247 0.36696562032884905 0.027862208713272545 0.045590433482810166
0 0.7684903748733536 0.32324364723467863 0.02735562310030395 0.04185351270553064
0 0.7494934143870314 0.30530642750373693 0.025329280648429583 0.032137518684603884
0 0.7411347517730497 0.32324364723467863 0.023809523809523808 0.03587443946188341
0 0.7279635258358662 0.33482810164424515 0.015197568389057751 0.02391629297458894
0 0.7773556231003039 0.37929745889387145 0.02127659574468085 0.0343796711509716
0 0.7350557244174265 0.42077727952167415 0.03596757852077001 0.052316890881913304
0 0.6925025329280649 0.4106875934230194 0.012664640324214792 0.017937219730941704
0 0.7905268490374874 0.4790732436472347 0.03292806484295846 0.04783258594917788
0 0.7581053698074974 0.4857997010463378 0.03242147922998987 0.043348281016442454
0 0.7573454913880446 0.46038863976083705 0.029381965552178316 0.04708520179372197
0 0.7771023302938197 0.4495515695067265 0.023809523809523808 0.03886397608370702
0 0.7738095238095238 0.4226457399103139 0.017223910840932118 0.01868460388639761
0 0.8006585612968592 0.4353512705530643 0.028875379939209727 0.03736920777279522
0 0.8204154002026343 0.44170403587443946 0.016717325227963525 0.02914798206278027
0 0.8206686930091185 0.414050822122571 0.0182370820668693 0.02466367713004484
0 0.7266970618034447 0.5201793721973094 0.024822695035460994 0.03886397608370702
0 0.6271529888551165 0.5863228699551569 0.025329280648429583 0.03886397608370702
0 0.6167679837892603 0.5627802690582959 0.025835866261398176 0.03886397608370702
0 0.5298885511651469 0.5530642750373692 0.02330293819655522 0.03587443946188341
0 0.8292806484295846 0.3725710014947683 0.01773049645390071 0.026158445440956652
0 0.8264944275582573 0.3882660687593423 0.01773049645390071 0.014947683109118086
0 0.8358662613981763 0.32324364723467863 0.027862208713272545 0.04110612855007474
0 0.8508105369807497 0.30269058295964124 0.028875379939209727 0.04035874439461883
0 0.8806990881458967 0.3834080717488789 0.022796352583586626 0.03288490284005979
0 0.8951367781155015 0.41292974588938713 0.0121580547112462 0.017937219730941704
0 0.9219858156028369 0.4166666666666667 0.019756838905775075 0.028400597907324365
0 0.9384498480243161 0.3834080717488789 0.02127659574468085 0.028400597907324365
0 0.9465552178318136 0.35014947683109116 0.01773049645390071 0.02391629297458894
0 0.9275582573454914 0.36472346786248133 0.018743667679837893 0.02242152466367713
0 0.9475683890577508 0.3875186846038864 0.013677811550151976 0.01868460388639761
0 0.9665653495440729 0.3572496263079223 0.0182370820668693 0.02242152466367713
0 0.9845491388044579 0.3381913303437967 0.025329280648429583 0.02765321375186846
0 0.9759371833839919 0.39349775784753366 0.017223910840932118 0.02242152466367713
0 0.9878419452887538 0.44880418535127053 0.023809523809523808 0.03139013452914798
0 0.9916413373860182 0.3576233183856502 0.014184397163120567 0.023168908819133034
0 0.9924012158054711 0.38863976083707025 0.013171225937183385 0.026905829596412557
0 0.9645390070921985 0.4103139013452915 0.023809523809523808 0.030642750373692077
0 0.8140830800405269 0.5381165919282511 0.01773049645390071 0.025411061285500747
0 0.3120567375886525 0.6662929745889388 0.021783181357649443 0.03288490284005979
0 0.2669706180344478 0.585949177877429 0.02684903748733536 0.04035874439461883
0 0.23353596757852077 0.5022421524663677 0.013171225937183385 0.020179372197309416
0 0.22998986828774062 0.4697309417040359 0.028368794326241134 0.042600896860986545
0 0.20364741641337386 0.4618834080717489 0.029381965552178316 0.04708520179372197
0 0.2137791286727457 0.5 0.02988855116514691 0.04484304932735426
0 0.22441742654508612 0.45029895366218237 0.013677811550151976 0.014200298953662182
0 0.22948328267477203 0.4248878923766816 0.02330293819655522 0.032137518684603884
0 0.17325227963525835 0.3744394618834081 0.027862208713272545 0.03961136023916293
0 0.16717325227963525 0.4585201793721973 0.03242147922998987 0.04783258594917788
0 0.1773049645390071 0.4940209267563528 0.02077001013171226 0.026905829596412557
0 0.13221884498480244 0.49514200298953664 0.021783181357649443 0.029895366218236172
0 0.14412360688956433 0.4876681614349776 0.01165146909827761 0.020179372197309416
0 0.10840932117527863 0.46898355754857995 0.023809523809523808 0.03139013452914798
0 0.12208713272543059 0.4671150971599402 0.013677811550151976 0.02914798206278027
0 0.10309017223910841 0.3890134529147982 0.01773049645390071 0.02765321375186846
0 0.08662613981762918 0.375186846038864 0.022796352583586626 0.033632286995515695
0 0.10511651469098278 0.4884155455904335 0.014184397163120567 0.017937219730941704
0 0.0853596757852077 0.5220478325859492 0.0182370820668693 0.026158445440956652
0 0.06838905775075987 0.5142002989536621 0.017223910840932118 0.02466367713004484
0 0.06661600810536981 0.4947683109118087 0.015704154002026342 0.017937219730941704
0 0.0845997973657548 0.4547832585949178 0.019756838905775075 0.028400597907324365
0 0.0737082066869301 0.4435724962630792 0.019250253292806486 0.02242152466367713
0 0.050911854103343465 0.4054559043348281 0.019250253292806486 0.02466367713004484
0 0.053444782168186426 0.36210762331838564 0.025835866261398176 0.030642750373692077
0 0.01342451874366768 0.3740657698056801 0.02684903748733536 0.04708520179372197
0 0.02684903748733536 0.41292974588938713 0.0182370820668693 0.02242152466367713
0 0.037993920972644375 0.38789237668161436 0.018743667679837893 0.02765321375186846
0 0.01038500506585613 0.4484304932735426 0.020263424518743668 0.02765321375186846
0 0.002026342451874367 0.44020926756352763 0.004052684903748734 0.02391629297458894
0 0.001519756838905775 0.41292974588938713 0.00303951367781155 0.026158445440956652
0 0.002786220871327254 0.5246636771300448 0.005572441742654508 0.02242152466367713
0 0.0035460992907801418 0.5112107623318386 0.0070921985815602835 0.013452914798206279
0 0.03216818642350557 0.5298953662182362 0.015197568389057751 0.02092675635276532
0 0.03571428571428571 0.5650224215246636 0.0121580547112462 0.017937219730941704
0 0.12310030395136778 0.5396113602391629 0.0121580547112462 0.01569506726457399
0 0.0911854103343465 0.5044843049327354 0.0070921985815602835 0.009715994020926755
0 0.08637284701114488 0.48878923766816146 0.006585612968591692 0.008968609865470852
0 0.38095238095238093 0.6240657698056801 0.013171225937183385 0.021674140508221227
0 0.3700607902735562 0.6192077727952168 0.014690982776089158 0.023168908819133034
0 0.3842451874366768 0.6068759342301944 0.013171225937183385 0.020179372197309416
0 0.3700607902735562 0.6065022421524664 0.014184397163120567 0.011210762331838564
0 0.34422492401215804 0.5683856502242153 0.0060790273556231 0.008221225710014948
0 0.8416919959473151 0.4798206278026906 0.010131712259371834 0.013452914798206279
0 0.8439716312056738 0.5388639760837071 0.008611955420466059 0.012705530642750373
0 0.6403242147923 0.4940209267563528 0.00911854103343465 0.01195814648729447
0 0.6458966565349544 0.49252615844544095 0.004559270516717325 0.011210762331838564
0 0.6324721377912867 0.48318385650224216 0.010638297872340425 0.01569506726457399
0 0.6238601823708206 0.48094170403587444 0.0060790273556231 0.013452914798206279
0 0.6210739614994935 0.49028400597907323 0.009625126646403243 0.011210762331838564
0 0.621580547112462 0.5044843049327354 0.008105369807497468 0.01046337817638266
0 0.6144883485309017 0.5082212257100149 0.007598784194528876 0.01195814648729447
0 0.6117021276595744 0.5142002989536621 0.008105369807497468 0.01046337817638266
0 0.6071428571428571 0.5183109118086696 0.0070921985815602835 0.011210762331838564
0 0.6798378926038501 0.461136023916293 0.009625126646403243 0.011210762331838564
0 0.6722391084093212 0.4476831091180867 0.008611955420466059 0.013452914798206279