0 0.60009765625 0.23595213319458896 0.04541015625 0.051508844953173774
0 0.630859375 0.26716961498439123 0.03125 0.032778355879292405
0 0.44580078125 0.22736732570239335 0.04052734375 0.043704474505723206
0 0.65234375 0.3790322580645161 0.03271484375 0.03537981269510926
0 0.687255859375 0.3290842872008325 0.0263671875 0.02809573361082206
0 0.64501953125 0.2976066597294485 0.0263671875 0.022372528616024973
0 0.607177734375 0.32778355879292403 0.021484375 0.021852237252861603
0 0.574951171875 0.3374089490114464 0.029296875 0.02809573361082206
0 0.58203125 0.37877211238293446 0.0224609375 0.026014568158168574
0 0.328369140625 0.3017689906347555 0.02099609375 0.03433922996878252
0 0.3115234375 0.29786680541103017 0.0283203125 0.032778355879292405
0 0.2587890625 0.32388137356919877 0.0205078125 0.02133194588969823
0 0.301513671875 0.368366285119667 0.02392578125 0.026014568158168574
0 0.28466796875 0.38475546305931324 0.025390625 0.02861602497398543
0 0.315185546875 0.39672216441207075 0.0263671875 0.03225806451612903
0 0.34423828125 0.4112903225806452 0.02978515625 0.03225806451612903
0 0.198974609375 0.2229448491155047 0.02099609375 0.02133194588969823
0 0.037841796875 0.48309053069719043 0.02490234375 0.029136316337148804
0 0.077880859375 0.463579604578564 0.02490234375 0.026534859521331947
0 0.114501953125 0.46462018730489074 0.02490234375 0.02861602497398543
0 0.7529296875 0.4068678459937565 0.029296875 0.030697190426638918
0 0.929443359375 0.30567117585848075 0.037109375 0.03433922996878252
0 0.983154296875 0.4581165452653486 0.03173828125 0.030697190426638918