0 0.014456630109670987 0.6817048853439681 0.028913260219341975 0.05134596211365902
0 0.21036889332003988 0.6570289132602194 0.04287138584247258 0.036889332003988036
0 0.11365902293120637 0.5737786640079761 0.02193419740777667 0.023429710867397806
0 0.013459621136590228 0.5598205383848455 0.026919242273180457 0.047856430707876374
0 0.012213359920239282 0.47557328015952144 0.024426719840478565 0.036889332003988036
0 0.019192422731804586 0.4259720837487537 0.03838484546360917 0.05732801595214357
0 0.16350947158524426 0.5069790628115654 0.023928215353938187 0.016450648055832504
0 0.23180458624127617 0.5613160518444666 0.03738783649052842 0.023429710867397806
0 0.2547357926221336 0.5493519441674976 0.03140578265204387 0.023928215353938187
0 0.34097706879361916 0.5418743768693918 0.018444666001994018 0.019940179461615155
0 0.317048853439681 0.514456630109671 0.011964107676969093 0.013958125623130608
0 0.3270189431704885 0.4740777666999003 0.03738783649052842 0.0259222333000997
0 0.357926221335992 0.5054835493519442 0.018444666001994018 0.025423728813559324
0 0.36191425722831505 0.4760717846460618 0.016450648055832504 0.018444666001994018
0 0.38783649052841473 0.48953140578265203 0.034396809571286144 0.03738783649052842
0 0.4406779661016949 0.47357926221335994 0.06181455633100698 0.06081754735792622
0 0.39780658025922233 0.45363908275174475 0.019441674975074777 0.019441674975074777
0 0.3200398803589232 0.5473579262213359 0.02243270189431705 0.020937188434695914
0 0.386839481555334 0.590727816550349 0.020438683948155532 0.019940179461615155
0 0.405284147557328 0.5528414755732801 0.024925224327018942 0.022931206380857428
0 0.40279162512462613 0.5373878364905285 0.018444666001994018 0.014456630109670987
0 0.42971086739780656 0.5443668993020937 0.03290129611166501 0.03090727816550349
0 0.46061814556331004 0.5274177467597209 0.020438683948155532 0.018943170488534396
0 0.4745762711864407 0.5114656031904287 0.023928215353938187 0.024426719840478565
0 0.5159521435692921 0.4546360917248255 0.031904287138584245 0.034396809571286144
0 0.5309072781655035 0.4715852442671984 0.03040877367896311 0.03040877367896311
0 0.5269192422731804 0.5059820538384845 0.02193419740777667 0.023429710867397806
0 0.5084745762711864 0.47706879361914256 0.014456630109670987 0.01744765702891326
0 0.4930209371884347 0.4795613160518445 0.014955134596211365 0.01694915254237288
0 0.5074775672981057 0.4965104685942173 0.007976071784646061 0.014456630109670987
0 0.5169491525423728 0.4955134596211366 0.009471585244267198 0.012462612163509471
0 0.5333998005982054 0.4910269192422732 0.019441674975074777 0.010468594217347957
0 0.5478564307078764 0.5259222333000997 0.023928215353938187 0.023429710867397806
0 0.6226321036889332 0.5009970089730807 0.041375872382851446 0.040877367896311065
0 0.6395812562313061 0.5722831505483549 0.02642073778664008 0.022931206380857428
0 0.6241276171485544 0.5483549351944168 0.027916251246261216 0.024426719840478565
0 0.5832502492522432 0.5159521435692921 0.018943170488534396 0.011465603190428714
0 0.6066799601196411 0.5314057826520439 0.028414755732801594 0.027417746759720838
0 0.6181455633100698 0.5638085742771685 0.029411764705882353 0.018943170488534396
0 0.6939182452642074 0.5772681954137587 0.0259222333000997 0.027916251246261216
0 0.7093718843469591 0.5832502492522432 0.02243270189431705 0.0259222333000997
0 0.6829511465603191 0.5742771684945165 0.016450648055832504 0.024426719840478565
0 0.5737786640079761 0.6006979062811565 0.025423728813559324 0.03290129611166501
0 0.6490528414755733 0.6779661016949152 0.0259222333000997 0.026919242273180457
0 0.7063808574277168 0.7028913260219342 0.02991026919242273 0.032402791625124626
0 0.7298105682951147 0.7228315054835494 0.029411764705882353 0.03140578265204387
0 0.7183449651046859 0.6679960119641076 0.026919242273180457 0.027417746759720838
0 0.47008973080757727 0.7188434695912264 0.059322033898305086 0.06231306081754736
0 0.8504486540378864 0.6620139581256231 0.02642073778664008 0.02193419740777667
0 0.8285144566301097 0.5603190428713859 0.036889332003988036 0.036390827517447655
0 0.847457627118644 0.577766699900299 0.03738783649052842 0.03290129611166501
0 0.8793619142572283 0.5877367896311066 0.03938185443668993 0.031904287138584245
0 0.9232303090727817 0.5967098703888335 0.027417746759720838 0.024925224327018942
0 0.9361914257228315 0.6231306081754736 0.026919242273180457 0.020438683948155532
0 0.8529411764705882 0.6096709870388833 0.020438683948155532 0.015453639082751745
0 0.9601196410767697 0.5692921236291126 0.03339980059820538 0.027916251246261216
0 0.9887836490528414 0.5466101694915254 0.02243270189431705 0.02642073778664008
0 0.9800598205383848 0.5373878364905285 0.01296111665004985 0.011465603190428714
0 0.9967597208374875 0.5269192422731804 0.006480558325024925 0.014955134596211365
0 0.9955134596211366 0.57901296111665 0.00897308075772682 0.009471585244267198
0 0.7741774675972084 0.5169491525423728 0.03090727816550349 0.02991026919242273
0 0.3115653040877368 0.2731804586241276 0.052342971086739784 0.047856430707876374
0 0.11615154536390827 0.4611166500498505 0.024426719840478565 0.028913260219341975
0 0.04685942173479561 0.5199401794616152 0.013459621136590228 0.013459621136590228
0 0.03838484546360917 0.5069790628115654 0.013459621136590228 0.01296111665004985
0 0.06580259222333001 0.514456630109671 0.010468594217347957 0.010967098703888335
0 0.06231306081754736 0.5214356929212363 0.00847457627118644 0.006979062811565304
0 0.026919242273180457 0.5333998005982054 0.010468594217347957 0.00897308075772682