0 0.2614087301587302 0.5638753056234719 0.042162698412698416 0.04767726161369193
0 0.2234623015873016 0.5088630806845966 0.03571428571428571 0.05012224938875306
0 0.21155753968253968 0.4712713936430318 0.036210317460317464 0.042787286063569685
0 0.1847718253968254 0.4743276283618582 0.018849206349206348 0.02567237163814181
0 0.17981150793650794 0.4452933985330073 0.02976190476190476 0.04706601466992665
0 0.20709325396825398 0.4397921760391198 0.024305555555555556 0.02689486552567237
0 0.14831349206349206 0.5229217603911981 0.024305555555555556 0.03117359413202934
0 0.1195436507936508 0.5241442542787286 0.020337301587301588 0.023227383863080684
0 0.11979166666666667 0.5406479217603912 0.023313492063492064 0.021393643031784843
0 0.05357142857142857 0.5302567237163814 0.0248015873015873 0.023838630806845965
0 0.040426587301587304 0.5067237163814181 0.024305555555555556 0.02567237163814181
0 0.006696428571428571 0.468520782396088 0.013392857142857142 0.020171149144254278
0 0.06944444444444445 0.46882640586797064 0.025297619047619048 0.029951100244498777
0 0.04241071428571429 0.44621026894865523 0.028769841269841268 0.03300733496332518
0 0.1185515873015873 0.6622860635696821 0.01984126984126984 0.022004889975550123
0 0.12202380952380952 0.6433374083129584 0.019345238095238096 0.020171149144254278
0 0.10813492063492064 0.6405867970660146 0.013888888888888888 0.020171149144254278
0 0.14012896825396826 0.6201100244498777 0.023809523809523808 0.02628361858190709
0 0.1388888888888889 0.59260391198044 0.021825396825396824 0.02567237163814181
0 0.1498015873015873 0.4190097799511002 0.03273809523809524 0.04095354523227384
0 0.08779761904761904 0.3951711491442543 0.03670634920634921 0.035452322738386305
0 0.11507936507936507 0.42267726161369196 0.029265873015873016 0.030562347188264057
0 0.2333829365079365 0.44284841075794623 0.0248015873015873 0.03361858190709047
0 0.2673611111111111 0.4621026894865526 0.02976190476190476 0.023838630806845965
0 0.27529761904761907 0.4290953545232274 0.031746031746031744 0.029951100244498777
0 0.26959325396825395 0.41136919315403425 0.023313492063492064 0.021393643031784843
0 0.26959325396825395 0.38264058679706603 0.03521825396825397 0.04523227383863081
0 0.2958829365079365 0.3765281173594132 0.03273809523809524 0.04706601466992665
0 0.33283730158730157 0.4297066014669927 0.03521825396825397 0.042787286063569685
0 0.3896329365079365 0.484718826405868 0.04513888888888889 0.06356968215158924
0 0.408234126984127 0.49266503667481665 0.04017857142857143 0.06051344743276284
0 0.41790674603174605 0.5165036674816625 0.020337301587301588 0.02628361858190709
0 0.43774801587301587 0.5226161369193154 0.0248015873015873 0.03300733496332518
0 0.44717261904761907 0.4896088019559902 0.037698412698412696 0.053178484107579464
0 0.43700396825396826 0.45843520782396086 0.04365079365079365 0.05623471882640587
0 0.48115079365079366 0.331601466992665 0.04017857142857143 0.053178484107579464
0 0.5014880952380952 0.35207823960880197 0.034722222222222224 0.04156479217603912
0 0.5131448412698413 0.375 0.031746031746031744 0.028117359413202935
0 0.5344742063492064 0.3508557457212714 0.036210317460317464 0.04828850855745721
0 0.5657242063492064 0.4556845965770171 0.03373015873015873 0.04339853300733496
0 0.6197916666666666 0.44926650366748166 0.033234126984126984 0.03728606356968215
0 0.6192956349206349 0.41442542787286063 0.030753968253968252 0.035452322738386305
0 0.5964781746031746 0.41656479217603914 0.01488095238095238 0.02689486552567237
0 0.6232638888888888 0.3817237163814181 0.02132936507936508 0.029951100244498777
0 0.6587301587301587 0.3951711491442543 0.024305555555555556 0.03178484107579462
0 0.6768353174603174 0.30378973105134477 0.024305555555555556 0.019559902200488997
0 0.6830357142857143 0.3951711491442543 0.024305555555555556 0.029339853300733496
0 0.7413194444444444 0.3841687041564792 0.03968253968253968 0.05684596577017115
0 0.6803075396825397 0.48013447432762835 0.030753968253968252 0.04156479217603912
0 0.6500496031746031 0.48074572127139364 0.020833333333333332 0.022004889975550123
0 0.6118551587301587 0.49205378973105135 0.023809523809523808 0.03484107579462103
0 0.6331845238095238 0.48624694376528116 0.01636904761904762 0.020171149144254278
0 0.6319444444444444 0.4721882640586797 0.02132936507936508 0.020171149144254278
0 0.6185515873015873 0.46882640586797064 0.009424603174603174 0.015281173594132029
0 0.6594742063492064 0.5180317848410758 0.023809523809523808 0.03178484107579462
0 0.6336805555555556 0.5553178484107579 0.007936507936507936 0.011613691931540342
0 0.6262400793650794 0.551039119804401 0.008432539682539682 0.011002444987775062
0 0.5714285714285714 0.5045843520782396 0.009424603174603174 0.012224938875305624
0 0.5637400793650794 0.4908312958435208 0.008432539682539682 0.011613691931540342
0 0.5776289682539683 0.4819682151589242 0.008432539682539682 0.009779951100244499
0 0.46850198412698413 0.5812958435207825 0.02132936507936508 0.0323960880195599
0 0.5076884920634921 0.5180317848410758 0.016865079365079364 0.021393643031784843
0 0.7249503968253969 0.5146699266503667 0.034722222222222224 0.042787286063569685
0 0.7700892857142857 0.4507946210268949 0.043154761904761904 0.053178484107579464
0 0.7209821428571429 0.44865525672371637 0.032242063492063495 0.02750611246943765
0 0.7470238095238095 0.43795843520782396 0.012896825396825396 0.02506112469437653
0 0.8311011904761905 0.4789119804400978 0.03720238095238095 0.04828850855745721
0 0.8172123015873016 0.4517114914425428 0.028273809523809524 0.0323960880195599
0 0.8420138888888888 0.45232273838630804 0.02976190476190476 0.030562347188264057
0 0.7943948412698413 0.7295232273838631 0.023809523809523808 0.028117359413202935
0 0.7884424603174603 0.7218826405867971 0.022321428571428572 0.020171149144254278
0 0.7906746031746031 0.7105745721271394 0.024305555555555556 0.017114914425427872
0 0.9878472222222222 0.5320904645476773 0.023809523809523808 0.03178484107579462
0 0.9627976190476191 0.5082518337408313 0.022817460317460316 0.02506112469437653
0 0.9417162698412699 0.4954156479217604 0.025793650793650792 0.029951100244498777
0 0.9273313492063492 0.5256723716381418 0.007936507936507936 0.009779951100244499
0 0.9231150793650794 0.5073349633251834 0.011408730158730158 0.012836185819070905
0 0.9563492063492064 0.4394865525672372 0.024305555555555556 0.023227383863080684
0 0.9025297619047619 0.4095354523227384 0.030257936507936508 0.044009779951100246
0 0.8819444444444444 0.3951711491442543 0.043154761904761904 0.04156479217603912
0 0.9176587301587301 0.36766503667481665 0.011904761904761904 0.01650366748166259
0 0.9459325396825397 0.36155256723716384 0.020833333333333332 0.021393643031784843
0 0.9456845238095238 0.38355745721271395 0.015873015873015872 0.021393643031784843
0 0.9422123015873016 0.390281173594132 0.012896825396825396 0.015281173594132029
0 0.9543650793650794 0.3991442542787286 0.011904761904761904 0.017114914425427872
0 0.8923611111111112 0.5073349633251834 0.011904761904761904 0.012836185819070905
0 0.9045138888888888 0.4841075794621027 0.011408730158730158 0.009779951100244499
0 0.9243551587301587 0.4786063569682152 0.009424603174603174 0.011002444987775062
0 0.9759424603174603 0.5158924205378973 0.007936507936507936 0.007946210268948655
0 0.9781746031746031 0.5079462102689487 0.007936507936507936 0.006723716381418093
0 0.9776785714285714 0.5 0.008928571428571428 0.007334963325183374
0 0.7524801587301587 0.6039119804400978 0.018849206349206348 0.030562347188264057
0 0.7266865079365079 0.5672371638141809 0.012896825396825396 0.022004889975550123
0 0.7487599206349206 0.5580684596577017 0.003472222222222222 0.011002444987775062
0 0.7946428571428571 0.5070293398533008 0.015376984126984126 0.018337408312958436