0 0.5244140625 0.8545362392295996 0.0478515625 0.0476431829700963
0 0.4892578125 0.7557019766852509 0.01171875 0.012671059300557527
0 0.58544921875 0.7303598580841358 0.01904296875 0.017739483020780537
0 0.71728515625 0.7445514445007603 0.02294921875 0.019766852508869743
0 0.42724609375 0.6715661429295489 0.0185546875 0.020780537252914344
0 0.318359375 0.6259503294475418 0.021484375 0.019766852508869743
0 0.21142578125 0.6578813988849468 0.01513671875 0.013684744044602128
0 0.26171875 0.7906741003547897 0.02880859375 0.017232640648758235
0 0.67578125 0.7060314242270653 0.0126953125 0.012164216928535226
0 0.619140625 0.7146477445514445 0.0126953125 0.007095793208312215
0 0.93115234375 0.7349214394323366 0.02490234375 0.021287379624936646
0 0.95751953125 0.6629498226051698 0.0146484375 0.012164216928535226
0 0.94677734375 0.6594019260010137 0.0126953125 0.015205271160669031
0 0.95654296875 0.6761277242777496 0.0087890625 0.006588950836289914
0 0.931640625 0.6781550937658388 0.0087890625 0.008109477952356817
0 0.90966796875 0.6801824632539281 0.00927734375 0.006082108464267613
0 0.2587890625 0.6842372022301064 0.01904296875 0.015712113532691332
0 0.24072265625 0.5798276735935124 0.00732421875 0.007602635580334516
0 0.82177734375 0.6071971616827166 0.013671875 0.01013684744044602
0 0.833984375 0.6051697921946275 0.01318359375 0.010643689812468323
