0 0.14440993788819875 0.2843085106382979 0.03778467908902691 0.039361702127659576
0 0.8931159420289855 0.7515957446808511 0.017598343685300208 0.015425531914893617
0 0.8297101449275363 0.7279255319148936 0.020186335403726708 0.023936170212765957
0 0.9039855072463768 0.6082446808510639 0.013975155279503106 0.011702127659574468
0 0.7023809523809523 0.6055851063829787 0.017598343685300208 0.01702127659574468
0 0.181935817805383 0.8031914893617021 0.021221532091097308 0.017553191489361703
0 0.13871635610766045 0.750531914893617 0.016563146997929608 0.013297872340425532
0 0.25957556935817805 0.6840425531914893 0.011904761904761904 0.011170212765957447
0 0.19694616977225674 0.6898936170212766 0.020186335403726708 0.02074468085106383
0 0.17468944099378883 0.6941489361702128 0.015010351966873706 0.01276595744680851
0 0.2163561076604555 0.676063829787234 0.018115942028985508 0.01702127659574468
0 0.7787267080745341 0.5231382978723405 0.009316770186335404 0.006914893617021276