0 0.8011592741935484 0.901595744680851 0.028729838709677418 0.03723404255319149
0 0.7729334677419355 0.902593085106383 0.022681451612903226 0.028590425531914893
0 0.9805947580645161 0.7194148936170213 0.017137096774193547 0.018617021276595744
0 0.9579133064516129 0.6745345744680851 0.016129032258064516 0.013962765957446808
0 0.9805947580645161 0.6545877659574468 0.012096774193548387 0.011968085106382979
0 0.7520161290322581 0.5648271276595744 0.022681451612903226 0.032579787234042555
0 0.8674395161290323 0.543218085106383 0.008568548387096774 0.010638297872340425
0 0.6209677419354839 0.4471409574468085 0.018145161290322582 0.023936170212765957
0 0.4387600806451613 0.793218085106383 0.020161290322580645 0.022606382978723406
0 0.38180443548387094 0.7669547872340425 0.015120967741935484 0.012632978723404254
0 0.3641633064516129 0.7603058510638298 0.014112903225806451 0.011968085106382979
0 0.375 0.7639627659574468 0.009072580645161291 0.00997340425531915
0 0.3074596774193548 0.7875664893617021 0.016129032258064516 0.015292553191489361
0 0.31502016129032256 0.7802526595744681 0.010584677419354838 0.009308510638297872
0 0.2610887096774194 0.7759308510638298 0.012600806451612902 0.016622340425531915
0 0.24974798387096775 0.7752659574468085 0.012096774193548387 0.013297872340425532
0 0.19380040322580644 0.8297872340425532 0.017641129032258066 0.01928191489361702
0 0.2288306451612903 0.7869015957446809 0.014616935483870967 0.012632978723404254
0 0.04662298387096774 0.8021941489361702 0.008568548387096774 0.011968085106382979
0 0.21723790322580644 0.953125 0.02217741935483871 0.028590425531914893
0 0.22757056451612903 0.9281914893617021 0.015120967741935484 0.017287234042553192
0 0.3215725806451613 0.995345744680851 0.03024193548387097 0.009308510638297872
0 0.35836693548387094 0.979720744680851 0.012096774193548387 0.013962765957446808
0 0.3870967741935484 0.9268617021276596 0.023185483870967742 0.028590425531914893
0 0.36038306451612906 0.8976063829787234 0.023185483870967742 0.028590425531914893
0 0.3243447580645161 0.8919547872340425 0.01965725806451613 0.02526595744680851
0 0.23235887096774194 0.8873005319148937 0.02469758064516129 0.020611702127659573
0 0.2689012096774194 0.8361037234042553 0.02066532258064516 0.016622340425531915
0 0.45564516129032256 0.9920212765957447 0.015120967741935484 0.015957446808510637
0 0.49067540322580644 0.9980053191489362 0.013608870967741936 0.003989361702127659
0 0.6244959677419355 0.7400265957446809 0.015120967741935484 0.00997340425531915
