0 0.869979402677652 0.6451440768409819 0.009268795056642637 0.009071504802561366
0 0.8704943357363543 0.6390074706510138 0.007209062821833162 0.007470651013874066
0 0.8166838311019567 0.6371398078975453 0.010813594232749742 0.012806830309498399
0 0.807157569515963 0.6344717182497331 0.01184346035015448 0.010672358591248666
0 0.8130792996910402 0.6286019210245464 0.009783728115345005 0.0096051227321238
0 0.924562306900103 0.6350053361792957 0.010813594232749742 0.010672358591248666
0 0.7561791967044285 0.6374066168623266 0.008238928939237899 0.0080042689434365
0 0.7664778578784758 0.6334044823906083 0.006694129763130793 0.005869797225186766
0 0.058444902162718845 0.844717182497332 0.018537590113285273 0.015474919957310566
0 0.10581874356333677 0.8244397011739595 0.010298661174047374 0.008537886872998933
0 0.4518537590113285 0.6894343649946638 0.008753861997940269 0.0096051227321238
0 0.4191555097837281 0.6942369263607258 0.008753861997940269 0.009071504802561366
0 0.38388259526261587 0.7017075773745998 0.009268795056642637 0.008537886872998933
0 0.33985581874356335 0.7046424759871932 0.008238928939237899 0.008537886872998933
0 0.31153450051493303 0.7091782283884739 0.009783728115345005 0.0080042689434365
0 0.30123583934088566 0.7070437566702241 0.008238928939237899 0.008537886872998933
0 0.23738414006179195 0.7161152614727855 0.01132852729145211 0.0096051227321238
0 0.5046343975283213 0.6667556029882604 0.008753861997940269 0.0080042689434365
0 0.09037075180226571 0.8788687299893276 0.021112255406797117 0.016008537886873
0 0.1562821833161689 0.9020811099252934 0.021627188465499485 0.012273212379935965