0 0.10320641282565131 0.49679144385026736 0.02555110220440882 0.025668449197860963
0 0.11948897795591182 0.4836898395721925 0.023046092184368736 0.02459893048128342
0 0.16858717434869738 0.3697860962566845 0.02905811623246493 0.031016042780748664
0 0.18837675350701402 0.35401069518716577 0.03006012024048096 0.028877005347593583
0 0.16457915831663328 0.3377005347593583 0.02655310621242485 0.028342245989304814
0 0.22244488977955912 0.34197860962566845 0.029559118236472944 0.0374331550802139
0 0.22645290581162325 0.2874331550802139 0.02555110220440882 0.029411764705882353
0 0.1813627254509018 0.2518716577540107 0.03507014028056112 0.032620320855614976
0 0.1650801603206413 0.3029411764705882 0.02404809619238477 0.01818181818181818
0 0.14153306613226452 0.33502673796791443 0.01503006012024048 0.016042780748663103
0 0.21968937875751504 0.35802139037433156 0.02404809619238477 0.019251336898395723
0 0.26002004008016033 0.37566844919786097 0.03206412825651302 0.034759358288770054
0 0.25776553106212424 0.3377005347593583 0.03557114228456914 0.02406417112299465
0 0.28557114228456915 0.3141711229946524 0.03156312625250501 0.029411764705882353
0 0.3153807615230461 0.42058823529411765 0.0405811623246493 0.04385026737967915
0 0.31312625250501 0.3804812834224599 0.03356713426853707 0.0374331550802139
0 0.34468937875751504 0.3125668449197861 0.03707414829659319 0.0374331550802139
0 0.34544088176352705 0.42754010695187167 0.03406813627254509 0.038502673796791446
0 0.3840180360721443 0.35614973262032085 0.023046092184368736 0.02459893048128342
0 0.37925851703406815 0.313903743315508 0.022044088176352707 0.022994652406417113
0 0.42034068136272545 0.2922459893048128 0.030561122244488977 0.032620320855614976
0 0.467685370741483 0.27593582887700535 0.02154308617234469 0.025668449197860963
0 0.4819639278557114 0.26229946524064174 0.03406813627254509 0.038502673796791446
0 0.36172344689378755 0.25320855614973264 0.02905811623246493 0.025668449197860963
0 0.3965430861723447 0.20775401069518717 0.03707414829659319 0.03529411764705882
0 0.40981963927855714 0.2550802139037433 0.018036072144288578 0.021925133689839574
0 0.5258016032064128 0.2016042780748663 0.03356713426853707 0.03582887700534759
0 0.5588677354709419 0.20748663101604278 0.033066132264529056 0.034224598930481284
0 0.6017034068136272 0.21844919786096256 0.02905811623246493 0.029946524064171122
0 0.5784068136272545 0.23636363636363636 0.02404809619238477 0.02727272727272727
0 0.5786573146292585 0.28449197860962566 0.034569138276553106 0.029411764705882353
0 0.6282565130260521 0.2874331550802139 0.030561122244488977 0.033155080213903745
0 0.7089178356713427 0.28315508021390373 0.04208416833667335 0.04438502673796792
0 0.6751002004008017 0.2620320855614973 0.03156312625250501 0.034224598930481284
0 0.6806112224448898 0.24037433155080215 0.03206412825651302 0.029411764705882353
0 0.7377254509018036 0.27032085561497327 0.023547094188376753 0.027807486631016044
0 0.7935871743486974 0.22754010695187166 0.022044088176352707 0.027807486631016044
0 0.813877755511022 0.17433155080213902 0.03657314629258517 0.039572192513368985
0 0.8479458917835672 0.14545454545454545 0.027054108216432865 0.029411764705882353
0 0.6680861723446894 0.35668449197860963 0.041082164328657314 0.034759358288770054
0 0.6923847695390781 0.34411764705882353 0.03256513026052104 0.028342245989304814
0 0.6490480961923848 0.4197860962566845 0.04008016032064128 0.0427807486631016
0 0.6640781563126252 0.3981283422459893 0.03006012024048096 0.039037433155080216
0 0.6390280561122245 0.3855614973262032 0.030561122244488977 0.03155080213903743
0 0.6270040080160321 0.3660427807486631 0.024549098196392786 0.02459893048128342
0 0.6094689378757515 0.3320855614973262 0.020541082164328657 0.01764705882352941
0 0.7404809619238477 0.3788770053475936 0.017034068136272545 0.019251336898395723
0 0.7532565130260521 0.3657754010695187 0.03406813627254509 0.034224598930481284
0 0.783817635270541 0.36417112299465243 0.02905811623246493 0.032620320855614976
0 0.7998496993987976 0.3622994652406417 0.012525050100200401 0.021925133689839574
0 0.7958416833667334 0.3216577540106952 0.02655310621242485 0.028877005347593583
0 0.8191382765531062 0.3160427807486631 0.021042084168336674 0.025668449197860963
0 0.7612725450901804 0.29572192513368983 0.026052104208416832 0.023529411764705882
0 0.9346192384769539 0.4449197860962567 0.028557114228456915 0.028342245989304814
0 0.9611723446893787 0.3946524064171123 0.02655310621242485 0.026737967914438502
0 0.8962925851703407 0.39732620320855616 0.026052104208416832 0.026203208556149733
0 0.875250501002004 0.3406417112299465 0.025050100200400802 0.028342245989304814
0 0.8502004008016032 0.3508021390374332 0.026052104208416832 0.025133689839572194
0 0.9827154308617234 0.3609625668449198 0.022545090180360723 0.03155080213903743
0 0.9837174348697395 0.306951871657754 0.027054108216432865 0.028342245989304814
0 0.8770040080160321 0.2967914438502674 0.023547094188376753 0.025668449197860963
0 0.022795591182364728 0.396524064171123 0.018537074148296594 0.021925133689839574
0 0.015781563126252503 0.4219251336898396 0.014028056112224449 0.022459893048128343
0 0.4348697394789579 0.43663101604278076 0.013527054108216433 0.010160427807486631
0 0.4346192384769539 0.43021390374331553 0.013527054108216433 0.00909090909090909
0 0.43512024048096193 0.4213903743315508 0.015531062124248497 0.016577540106951873
0 0.42384769539078154 0.410427807486631 0.016533066132264528 0.01871657754010695
0 0.42109218436873747 0.389572192513369 0.01753507014028056 0.017112299465240642
0 0.3935370741482966 0.3991978609625668 0.01503006012024048 0.016042780748663103
0 0.3815130260521042 0.3877005347593583 0.013026052104208416 0.011764705882352941
0 0.36998997995991983 0.40080213903743317 0.009519038076152305 0.011229946524064172
0 0.37975951903807614 0.4042780748663102 0.010521042084168337 0.013368983957219251
0 0.4020541082164329 0.40133689839572195 0.008517034068136272 0.01229946524064171
0 0.27354709418837675 0.41550802139037435 0.020541082164328657 0.02085561497326203
0 0.40080160320641284 0.44572192513368986 0.013527054108216433 0.013368983957219251
0 0.39253507014028055 0.45427807486631017 0.014529058116232466 0.014973262032085561