0 0.02294921875 0.19715909090909092 0.02734375 0.028409090909090908
0 0.0283203125 0.18238636363636362 0.03076171875 0.0375
0 0.09033203125 0.29659090909090907 0.03173828125 0.036931818181818184
0 0.05615234375 0.29829545454545453 0.01904296875 0.019318181818181818
0 0.09033203125 0.3471590909090909 0.01806640625 0.013068181818181817
0 0.0146484375 0.3568181818181818 0.0224609375 0.02727272727272727
0 0.03955078125 0.37386363636363634 0.0126953125 0.01534090909090909
0 0.06982421875 0.40511363636363634 0.0205078125 0.022727272727272728
0 0.0498046875 0.39090909090909093 0.0185546875 0.023295454545454546
0 0.02734375 0.4017045454545455 0.021484375 0.026704545454545453
0 0.0283203125 0.40852272727272726 0.0234375 0.019318181818181818
0 0.01025390625 0.4369318181818182 0.017578125 0.021022727272727273
0 0.052734375 0.4556818181818182 0.021484375 0.026704545454545453
0 0.03759765625 0.4426136363636364 0.01318359375 0.01534090909090909
0 0.025390625 0.43977272727272726 0.01220703125 0.011931818181818182
0 0.07666015625 0.44488636363636364 0.0224609375 0.028977272727272727
0 0.0673828125 0.43920454545454546 0.01611328125 0.021022727272727273
0 0.0498046875 0.40625 0.01416015625 0.016477272727272726
0 0.115234375 0.40852272727272726 0.02392578125 0.028409090909090908
0 0.13232421875 0.3710227272727273 0.02685546875 0.031818181818181815
0 0.13525390625 0.41761363636363635 0.02294921875 0.029545454545454545
0 0.130859375 0.39545454545454545 0.01806640625 0.017045454545454544
0 0.15283203125 0.4471590909090909 0.01806640625 0.02784090909090909
0 0.12255859375 0.46988636363636366 0.01904296875 0.025
0 0.13916015625 0.475 0.017578125 0.02159090909090909
0 0.16943359375 0.49204545454545456 0.01708984375 0.019318181818181818
0 0.19091796875 0.4278409090909091 0.02294921875 0.028977272727272727
0 0.22216796875 0.4153409090909091 0.01806640625 0.021022727272727273
0 0.21923828125 0.39431818181818185 0.01953125 0.020454545454545454
0 0.20703125 0.3806818181818182 0.017578125 0.016477272727272726
0 0.19970703125 0.39090909090909093 0.01171875 0.010227272727272727
0 0.19140625 0.40795454545454546 0.01025390625 0.010795454545454546
0 0.2431640625 0.34147727272727274 0.04150390625 0.048295454545454544
0 0.1845703125 0.34261363636363634 0.0126953125 0.023863636363636365
0 0.2607421875 0.3795454545454545 0.01904296875 0.023295454545454546
0 0.2509765625 0.29545454545454547 0.033203125 0.03920454545454546
0 0.27685546875 0.2409090909090909 0.03466796875 0.04431818181818182
0 0.3115234375 0.24147727272727273 0.02978515625 0.03977272727272727
0 0.2451171875 0.23068181818181818 0.02880859375 0.03409090909090909
0 0.2666015625 0.21079545454545454 0.01904296875 0.022727272727272728
0 0.29541015625 0.21761363636363637 0.02392578125 0.02727272727272727
0 0.29052734375 0.18863636363636363 0.03662109375 0.033522727272727273
0 0.1962890625 0.25681818181818183 0.02490234375 0.02784090909090909
0 0.32763671875 0.18352272727272728 0.021484375 0.029545454545454545
0 0.37060546875 0.17556818181818182 0.02490234375 0.028977272727272727
0 0.35205078125 0.16818181818181818 0.01904296875 0.019318181818181818
0 0.42333984375 0.19829545454545455 0.037109375 0.038636363636363635
0 0.38818359375 0.23806818181818182 0.03369140625 0.03920454545454546
0 0.36865234375 0.22613636363636364 0.03125 0.038636363636363635
0 0.37158203125 0.26022727272727275 0.02880859375 0.03068181818181818
0 0.36083984375 0.24488636363636362 0.01416015625 0.019318181818181818
0 0.41943359375 0.24375 0.02880859375 0.03465909090909091
0 0.44677734375 0.22840909090909092 0.03515625 0.048295454545454544
0 0.4951171875 0.25738636363636364 0.04541015625 0.058522727272727275
0 0.54736328125 0.28806818181818183 0.0380859375 0.05056818181818182
0 0.47119140625 0.37272727272727274 0.03955078125 0.051704545454545454
0 0.40234375 0.34204545454545454 0.02099609375 0.02215909090909091
0 0.36181640625 0.34488636363636366 0.021484375 0.02556818181818182
0 0.37841796875 0.30511363636363636 0.02197265625 0.025
0 0.396484375 0.2903409090909091 0.0244140625 0.03068181818181818
0 0.42529296875 0.3039772727272727 0.02734375 0.03636363636363636
0 0.44873046875 0.45738636363636365 0.03369140625 0.040340909090909094
0 0.5341796875 0.48295454545454547 0.00732421875 0.011363636363636364
0 0.53515625 0.4693181818181818 0.01025390625 0.017613636363636363
0 0.5478515625 0.4693181818181818 0.01416015625 0.015909090909090907
0 0.3974609375 0.3710227272727273 0.0146484375 0.016477272727272726
0 0.42626953125 0.3482954545454545 0.0146484375 0.011931818181818182
0 0.53466796875 0.3710227272727273 0.01708984375 0.020454545454545454
0 0.56689453125 0.45170454545454547 0.01611328125 0.019318181818181818
0 0.5546875 0.44431818181818183 0.015625 0.017045454545454544
0 0.583984375 0.4409090909090909 0.017578125 0.02159090909090909
0 0.56298828125 0.4284090909090909 0.01904296875 0.019886363636363636
0 0.5576171875 0.45795454545454545 0.01318359375 0.011363636363636364
0 0.6064453125 0.4596590909090909 0.01513671875 0.01875
0 0.60009765625 0.3403409090909091 0.02587890625 0.03068181818181818
0 0.572265625 0.30227272727272725 0.03369140625 0.03977272727272727
0 0.61962890625 0.2375 0.0263671875 0.0375
0 0.591796875 0.23920454545454545 0.0341796875 0.02727272727272727
0 0.56787109375 0.2005681818181818 0.02880859375 0.033522727272727273
0 0.498046875 0.17954545454545454 0.0361328125 0.03465909090909091
0 0.68408203125 0.2909090909090909 0.03564453125 0.04090909090909091
0 0.6826171875 0.31420454545454546 0.02197265625 0.01534090909090909
0 0.6796875 0.32897727272727273 0.01953125 0.025
0 0.671875 0.33125 0.009765625 0.01875
0 0.7353515625 0.35 0.01904296875 0.02784090909090909
0 0.7412109375 0.3221590909090909 0.01708984375 0.016477272727272726
0 0.7177734375 0.23352272727272727 0.03125 0.03579545454545455
0 0.74365234375 0.20227272727272727 0.029296875 0.03806818181818182
0 0.67236328125 0.2096590909090909 0.037109375 0.04090909090909091
0 0.68115234375 0.25227272727272726 0.015625 0.017613636363636363
0 0.693359375 0.18125 0.02685546875 0.028409090909090908
0 0.87451171875 0.31022727272727274 0.0263671875 0.026704545454545453
0 0.86376953125 0.29715909090909093 0.02685546875 0.02727272727272727
0 0.80419921875 0.35170454545454544 0.0224609375 0.025
0 0.76220703125 0.4113636363636364 0.0234375 0.02784090909090909
0 0.78173828125 0.39886363636363636 0.02294921875 0.029545454545454545
0 0.8134765625 0.40511363636363634 0.025390625 0.03465909090909091
0 0.802734375 0.39375 0.02001953125 0.024431818181818183
0 0.77197265625 0.3795454545454545 0.017578125 0.019886363636363636
0 0.7451171875 0.38977272727272727 0.01708984375 0.020454545454545454
0 0.74560546875 0.3698863636363636 0.01708984375 0.02159090909090909
0 0.83837890625 0.3789772727272727 0.0166015625 0.01818181818181818
0 0.853515625 0.38181818181818183 0.01611328125 0.01875
0 0.88916015625 0.41818181818181815 0.0244140625 0.02556818181818182
0 0.85400390625 0.3977272727272727 0.01025390625 0.0125
0 0.86474609375 0.39943181818181817 0.01123046875 0.0125
0 0.92041015625 0.4784090909090909 0.0234375 0.02784090909090909
0 0.8984375 0.45795454545454545 0.0205078125 0.022727272727272728
0 0.92041015625 0.45284090909090907 0.02587890625 0.031818181818181815
0 0.6748046875 0.4875 0.01806640625 0.02215909090909091
0 0.69970703125 0.46136363636363636 0.017578125 0.022727272727272728
0 0.68701171875 0.45738636363636365 0.0107421875 0.013068181818181817
0 0.69140625 0.425 0.01708984375 0.021022727272727273
0 0.7001953125 0.4090909090909091 0.013671875 0.015909090909090907
0 0.65576171875 0.37727272727272726 0.0205078125 0.025
0 0.64404296875 0.3352272727272727 0.0205078125 0.01534090909090909
0 0.65771484375 0.29715909090909093 0.01611328125 0.02159090909090909
0 0.697265625 0.2772727272727273 0.01318359375 0.017613636363636363
0 0.63671875 0.2778409090909091 0.01416015625 0.01818181818181818
0 0.3046875 0.3 0.0146484375 0.009659090909090909
0 0.287109375 0.2943181818181818 0.01708984375 0.020454545454545454
0 0.29833984375 0.27102272727272725 0.01513671875 0.02159090909090909
0 0.3408203125 0.2875 0.01318359375 0.008522727272727272
0 0.38623046875 0.3306818181818182 0.01318359375 0.00625
0 0.3935546875 0.3090909090909091 0.01025390625 0.00909090909090909
0 0.9052734375 0.39488636363636365 0.01806640625 0.020454545454545454
0 0.93212890625 0.38977272727272727 0.02197265625 0.022727272727272728
0 0.951171875 0.37613636363636366 0.02978515625 0.02727272727272727
0 0.9716796875 0.4017045454545455 0.03076171875 0.03636363636363636
0 0.99365234375 0.3710227272727273 0.01220703125 0.02784090909090909
0 0.9189453125 0.4113636363636364 0.0224609375 0.023295454545454546
0 0.99169921875 0.25625 0.015625 0.026136363636363635
0 0.9443359375 0.34545454545454546 0.0263671875 0.025