0 0.7899022801302932 0.7052469135802469 0.03528773072747014 0.05015432098765432
0 0.7755157437567861 0.6728395061728395 0.03474484256243214 0.05246913580246913
0 0.757057546145494 0.6863425925925926 0.03528773072747014 0.05401234567901234
0 0.7975027144408252 0.6469907407407407 0.03854505971769816 0.0470679012345679
0 0.8042888165038002 0.6207561728395061 0.03420195439739414 0.04861111111111111
0 0.8979370249728555 0.597608024691358 0.021715526601520086 0.031635802469135804
0 0.8821932681867535 0.5736882716049383 0.024429967426710098 0.033950617283950615
0 0.8968512486427795 0.5655864197530864 0.021715526601520086 0.03009259259259259
0 0.8792073832790445 0.5486111111111112 0.018458197611292075 0.020833333333333332
0 0.98914223669924 0.5536265432098766 0.02062975027144408 0.036265432098765434
0 0.9666123778501629 0.5378086419753086 0.014115092290988056 0.017746913580246913
0 0.9144951140065146 0.5050154320987654 0.02823018458197611 0.027777777777777776
0 0.8843648208469055 0.498070987654321 0.033659066232356136 0.05169753086419753
0 0.8599348534201955 0.48302469135802467 0.041802388707926165 0.05324074074074074
0 0.8444625407166124 0.44290123456790126 0.02768729641693811 0.037037037037037035
0 0.8452768729641694 0.404320987654321 0.0249728555917481 0.03780864197530864
0 0.8631921824104235 0.38310185185185186 0.033659066232356136 0.03780864197530864
0 0.8691639522258415 0.3618827160493827 0.026601520086862108 0.029320987654320986
0 0.8327904451682954 0.341820987654321 0.03311617806731813 0.03009259259259259
0 0.8219326818675353 0.38425925925925924 0.026601520086862108 0.032407407407407406
0 0.8200325732899023 0.3136574074074074 0.030944625407166124 0.031635802469135804
0 0.995928338762215 0.4340277777777778 0.008143322475570033 0.036265432098765434
0 0.9755700325732899 0.4243827160493827 0.03040173724212812 0.034722222222222224
0 0.9253528773072747 0.4039351851851852 0.038002171552660155 0.05015432098765432
0 0.9508686210640608 0.39544753086419754 0.014657980456026058 0.02854938271604938
0 0.8403908794788274 0.5594135802469136 0.021715526601520086 0.029320987654320986
0 0.6957111834961998 0.5366512345679012 0.035830618892508145 0.05324074074074074
0 0.7328990228013029 0.48919753086419754 0.024429967426710098 0.036265432098765434
0 0.7043973941368078 0.49537037037037035 0.03637350705754615 0.03935185185185185
0 0.6666666666666666 0.5189043209876543 0.029315960912052116 0.05864197530864197
0 0.6300217155266015 0.5555555555555556 0.03745928338762215 0.05555555555555555
0 0.753528773072747 0.41087962962962965 0.03420195439739414 0.05246913580246913
0 0.6745385450597177 0.3587962962962963 0.03637350705754615 0.035493827160493825
0 0.6441368078175895 0.4035493827160494 0.018458197611292075 0.019290123456790122
0 0.5618892508143323 0.44830246913580246 0.023344191096634093 0.032407407407407406
0 0.5214440825190011 0.4193672839506173 0.04017372421281216 0.06018518518518518
0 0.5233441910966341 0.3584104938271605 0.031487513572204126 0.036265432098765434
0 0.5366449511400652 0.3287037037037037 0.029315960912052116 0.04398148148148148
0 0.509229098805646 0.32600308641975306 0.03203040173724213 0.047839506172839504
0 0.4831704668838219 0.33371913580246915 0.02714440825190011 0.04398148148148148
0 0.42725298588490773 0.5401234567901234 0.04125950054288816 0.06095679012345679
0 0.4497828447339848 0.41473765432098764 0.021715526601520086 0.02854938271604938
0 0.3984799131378936 0.4039351851851852 0.02714440825190011 0.03935185185185185
0 0.42888165038002174 0.3653549382716049 0.024429967426710098 0.024691358024691357
0 0.44571118349619976 0.3306327160493827 0.02008686210640608 0.022376543209876542
0 0.3938653637350706 0.33641975308641975 0.02985884907709012 0.04243827160493827
0 0.4142236699239957 0.3298611111111111 0.03311617806731813 0.05169753086419753
0 0.3292616720955483 0.28510802469135804 0.03420195439739414 0.03935185185185185
0 0.30537459283387625 0.2507716049382716 0.028773072747014114 0.038580246913580245
0 0.28203040173724214 0.2492283950617284 0.0249728555917481 0.031635802469135804
0 0.2692725298588491 0.22569444444444445 0.025515743756786103 0.035493827160493825
0 0.3485342019543974 0.26157407407407407 0.033659066232356136 0.036265432098765434
0 0.3132464712269272 0.34837962962962965 0.03203040173724213 0.04243827160493827
0 0.2964169381107492 0.3923611111111111 0.023887079261672096 0.03009259259259259
0 0.2983170466883822 0.4174382716049383 0.024429967426710098 0.02700617283950617
0 0.27877307274701413 0.4270833333333333 0.02823018458197611 0.03935185185185185
0 0.2700868621064061 0.38117283950617287 0.033659066232356136 0.0470679012345679
0 0.28230184581976114 0.35532407407407407 0.023344191096634093 0.022376543209876542
0 0.23371335504885993 0.4263117283950617 0.033659066232356136 0.047839506172839504
0 0.22258414766558088 0.3873456790123457 0.033659066232356136 0.05015432098765432
0 0.24484256243213898 0.36728395061728397 0.025515743756786103 0.040123456790123455
0 0.20928338762214985 0.41628086419753085 0.025515743756786103 0.03780864197530864
0 0.19462540716612378 0.38850308641975306 0.026058631921824105 0.04089506172839506
0 0.2014115092290988 0.3626543209876543 0.035830618892508145 0.05246913580246913
0 0.1742671009771987 0.3630401234567901 0.025515743756786103 0.033950617283950615
0 0.16530944625407165 0.3869598765432099 0.03257328990228013 0.047839506172839504
0 0.24022801302931596 0.30246913580246915 0.019001085776330078 0.026234567901234566
0 0.16042345276872963 0.32021604938271603 0.039630836047774155 0.05324074074074074
0 0.13165038002171553 0.3425925925925926 0.0249728555917481 0.036265432098765434
0 0.10532030401737243 0.36882716049382713 0.02225841476655809 0.033179012345679014
0 0.08876221498371335 0.3734567901234568 0.013572204125950055 0.022376543209876542
0 0.11916395222584147 0.4228395061728395 0.01520086862106406 0.02546296296296296
0 0.05618892508143322 0.3715277777777778 0.031487513572204126 0.04398148148148148
0 0.11997828447339848 0.2611882716049383 0.03420195439739414 0.046296296296296294
0 0.08984799131378936 0.2534722222222222 0.03040173724212812 0.040123456790123455
0 0.0781758957654723 0.21373456790123457 0.035830618892508145 0.046296296296296294
0 0.06758957654723127 0.24112654320987653 0.02008686210640608 0.037037037037037035
0 0.1262214983713355 0.22145061728395063 0.02225841476655809 0.035493827160493825
0 0.023344191096634093 0.2631172839506173 0.02714440825190011 0.031635802469135804
0 0.014386536373507057 0.30941358024691357 0.014115092290988056 0.030864197530864196
0 0.01764386536373507 0.38155864197530864 0.021715526601520086 0.029320987654320986
0 0.013029315960912053 0.3549382716049383 0.01520086862106406 0.026234567901234566
0 0.006514657980456026 0.3757716049382716 0.004343105320304018 0.026234567901234566
0 0.005971769815418024 0.4089506172839506 0.006514657980456026 0.017746913580246913
0 0.03447339847991314 0.4799382716049383 0.018458197611292075 0.026234567901234566
0 0.06541802388707926 0.44830246913580246 0.010857763300760043 0.016203703703703703
0 0.5933767643865364 0.6940586419753086 0.02062975027144408 0.024691358024691357