0 0.9913116591928252 0.3784509202453988 0.010650224215246636 0.027607361963190184
0 0.9876681614349776 0.3588957055214724 0.01569506726457399 0.02223926380368098
0 0.9876681614349776 0.3378067484662577 0.014013452914798207 0.023006134969325152
0 0.9582399103139013 0.3289877300613497 0.020179372197309416 0.02607361963190184
0 0.9302130044843049 0.31556748466257667 0.026345291479820628 0.032208588957055216
0 0.9545964125560538 0.30828220858895705 0.018497757847533634 0.019171779141104295
0 0.968329596412556 0.3013803680981595 0.01961883408071749 0.028374233128834355
0 0.9383408071748879 0.2787576687116564 0.032511210762331835 0.04371165644171779
0 0.9372197309417041 0.23351226993865032 0.033071748878923765 0.04754601226993865
0 0.8394058295964125 0.20322085889570551 0.03531390134529148 0.04371165644171779
0 0.8007286995515696 0.21894171779141106 0.034753363228699555 0.04294478527607362
0 0.8940582959641256 0.13458588957055215 0.030269058295964126 0.04371165644171779
0 0.8643497757847534 0.09432515337423313 0.029708520179372196 0.0352760736196319
0 0.9153587443946188 0.1598926380368098 0.026905829596412557 0.029141104294478526
0 0.9209641255605381 0.13496932515337423 0.029708520179372196 0.03680981595092025
0 0.9464686098654709 0.15682515337423314 0.023542600896860985 0.03374233128834356
0 0.7600896860986547 0.12653374233128833 0.02466367713004484 0.0299079754601227
0 0.741872197309417 0.2062883435582822 0.030829596412556053 0.039110429447852764
0 0.64097533632287 0.42829754601226994 0.0397982062780269 0.05061349693251534
0 0.6221973094170403 0.3753834355828221 0.03811659192825112 0.05674846625766871
0 0.554932735426009 0.2940950920245399 0.032511210762331835 0.04524539877300614
0 0.5498878923766816 0.3504601226993865 0.042600896860986545 0.04447852760736196
0 0.5868834080717489 0.32246932515337423 0.033071748878923765 0.04141104294478527
0 0.5431614349775785 0.3995398773006135 0.04484304932735426 0.06134969325153374
0 0.5165358744394619 0.4620398773006135 0.030269058295964126 0.023006134969325152
0 0.6701233183856502 0.48466257668711654 0.04035874439461883 0.05828220858895705
0 0.7228139013452914 0.49923312883435583 0.03867713004484305 0.04754601226993865
0 0.18217488789237668 0.5835889570552147 0.034192825112107625 0.05521472392638037
0 0.25140134529147984 0.4746932515337423 0.03755605381165919 0.05598159509202454
0 0.21356502242152467 0.4842791411042945 0.03867713004484305 0.05291411042944785
0 0.32539237668161436 0.5149539877300614 0.03587443946188341 0.04524539877300614
0 0.35285874439461884 0.4950153374233129 0.032511210762331835 0.04677914110429448
0 0.3506165919282511 0.455521472392638 0.032511210762331835 0.03834355828220859
0 0.1875 0.3266871165644172 0.030269058295964126 0.04371165644171779
0 0.08464125560538116 0.4098926380368098 0.03699551569506727 0.05291411042944785
0 0.010650224215246636 0.4436349693251534 0.021300448430493273 0.040644171779141106
0 0.048486547085201795 0.28680981595092025 0.026905829596412557 0.03450920245398773
0 0.030269058295964126 0.2687883435582822 0.017937219730941704 0.027607361963190184
0 0.3657511210762332 0.4213957055214724 0.021860986547085202 0.028374233128834355
0 0.375280269058296 0.393021472392638 0.03867713004484305 0.04677914110429448
0 0.38256726457399104 0.3370398773006135 0.0397982062780269 0.057515337423312884
0 0.4229260089686099 0.348159509202454 0.03531390134529148 0.046012269938650305
0 0.4464686098654709 0.24501533742331288 0.034753363228699555 0.05368098159509203
0 0.40919282511210764 0.2860429447852761 0.032511210762331835 0.03834355828220859
0 0.3486547085201794 0.3013803680981595 0.018497757847533634 0.019938650306748466
0 0.3895739910313901 0.3121165644171779 0.030829596412556053 0.03680981595092025
0 0.4021860986547085 0.419478527607362 0.023542600896860985 0.039110429447852764
0 0.4080717488789238 0.3845858895705521 0.029708520179372196 0.0352760736196319
0 0.4251681614349776 0.4233128834355828 0.026345291479820628 0.040644171779141106
0 0.4380605381165919 0.43826687116564417 0.024103139013452915 0.03067484662576687
0 0.7553251121076233 0.348159509202454 0.02858744394618834 0.03680981595092025
0 0.7911995515695067 0.39225460122699385 0.020179372197309416 0.027607361963190184
0 0.7987668161434978 0.36119631901840493 0.02242152466367713 0.032975460122699383
0 0.8189461883408071 0.3412576687116564 0.023542600896860985 0.0352760736196319
0 0.8413677130044843 0.38420245398773006 0.026345291479820628 0.0352760736196319
0 0.8363228699551569 0.3554447852760736 0.0257847533632287 0.03144171779141104
0 0.8057735426008968 0.30368098159509205 0.03587443946188341 0.04831288343558282
0 0.7825112107623319 0.2822085889570552 0.03755605381165919 0.04447852760736196
0 0.7553251121076233 0.3052147239263804 0.02466367713004484 0.02530674846625767
0 0.8349215246636771 0.30329754601226994 0.017937219730941704 0.024539877300613498
0 0.8808856502242153 0.3450920245398773 0.020739910313901346 0.029141104294478526
0 0.1429372197309417 0.48504601226993865 0.02298206278026906 0.024539877300613498
0 0.17292600896860988 0.4750766871165644 0.026345291479820628 0.027607361963190184
0 0.12275784753363228 0.4102760736196319 0.02466367713004484 0.03987730061349693
0 0.17516816143497757 0.38496932515337423 0.026905829596412557 0.036042944785276074
0 0.20571748878923768 0.42216257668711654 0.03531390134529148 0.0352760736196319
0 0.30184977578475336 0.3845858895705521 0.023542600896860985 0.03144171779141104
0 0.273542600896861 0.4179447852760736 0.017937219730941704 0.028374233128834355
0 0.2867152466367713 0.3424079754601227 0.014013452914798207 0.01687116564417178
0 0.32847533632286996 0.37346625766871167 0.03195067264573991 0.03834355828220859
0 0.07286995515695067 0.268021472392638 0.014573991031390135 0.019171779141104295
0 0.5008408071748879 0.16909509202453987 0.02242152466367713 0.02607361963190184
0 0.45039237668161436 0.5095858895705522 0.028026905829596414 0.03680981595092025
0 0.04568385650224215 0.5226226993865031 0.026345291479820628 0.032975460122699383
0 0.009809417040358745 0.5299079754601227 0.01905829596412556 0.02147239263803681
0 0.02102017937219731 0.4950153374233129 0.026345291479820628 0.0299079754601227