0 0.30859375 0.16042780748663102 0.03271484375 0.039572192513368985
0 0.31689453125 0.14919786096256685 0.0341796875 0.0374331550802139
0 0.30419921875 0.12834224598930483 0.03515625 0.039572192513368985
0 0.34619140625 0.17272727272727273 0.03955078125 0.045454545454545456
0 0.2060546875 0.246524064171123 0.03759765625 0.0427807486631016
0 0.298828125 0.24171122994652405 0.03466796875 0.03582887700534759
0 0.259765625 0.21871657754010695 0.03369140625 0.0374331550802139
0 0.2626953125 0.17593582887700535 0.03515625 0.040641711229946524
0 0.240234375 0.32032085561497325 0.03271484375 0.026203208556149733
0 0.3115234375 0.38823529411764707 0.03369140625 0.039037433155080216
0 0.212890625 0.386096256684492 0.029296875 0.03796791443850268
0 0.19580078125 0.4048128342245989 0.02685546875 0.029946524064171122
0 0.201171875 0.439572192513369 0.02978515625 0.03636363636363636
0 0.162109375 0.38983957219251336 0.0263671875 0.03048128342245989
0 0.185546875 0.36149732620320857 0.0234375 0.028342245989304814
0 0.25390625 0.49625668449197863 0.025390625 0.028342245989304814
0 0.27587890625 0.4839572192513369 0.0244140625 0.03048128342245989
0 0.34423828125 0.4711229946524064 0.0224609375 0.026203208556149733
0 0.37255859375 0.4481283422459893 0.02392578125 0.025668449197860963
0 0.42236328125 0.44224598930481285 0.03662109375 0.039037433155080216
0 0.37060546875 0.38342245989304813 0.03515625 0.03689839572192513
0 0.35302734375 0.36310160427807486 0.0234375 0.025668449197860963
0 0.39990234375 0.3839572192513369 0.02880859375 0.026203208556149733
0 0.40625 0.35508021390374334 0.0302734375 0.01818181818181818
0 0.44287109375 0.37272727272727274 0.044921875 0.052406417112299465
0 0.47216796875 0.34705882352941175 0.0361328125 0.033155080213903745
0 0.4697265625 0.32994652406417113 0.029296875 0.032620320855614976
0 0.5087890625 0.34759358288770054 0.033203125 0.039572192513368985
0 0.53564453125 0.36524064171122994 0.03369140625 0.045454545454545456
0 0.474609375 0.2887700534759358 0.03369140625 0.033689839572192515
0 0.4326171875 0.2978609625668449 0.03955078125 0.033689839572192515
0 0.501953125 0.23368983957219253 0.03173828125 0.025133689839572194
0 0.22216796875 0.3037433155080214 0.01708984375 0.022459893048128343
0 0.28759765625 0.30320855614973263 0.02294921875 0.02459893048128342
0 0.07958984375 0.3893048128342246 0.02880859375 0.032620320855614976
0 0.11572265625 0.4048128342245989 0.03369140625 0.031016042780748664
0 0.0498046875 0.43475935828877005 0.0263671875 0.03048128342245989
0 0.1240234375 0.47807486631016044 0.01611328125 0.01764705882352941
0 0.1787109375 0.4443850267379679 0.02001953125 0.02406417112299465
0 0.51953125 0.4406417112299465 0.029296875 0.034759358288770054
0 0.53125 0.4283422459893048 0.0283203125 0.03208556149732621
0 0.609375 0.3037433155080214 0.037109375 0.033155080213903745
0 0.60009765625 0.27593582887700535 0.041015625 0.04224598930481283
0 0.64599609375 0.3165775401069519 0.03369140625 0.03689839572192513
0 0.6669921875 0.30320855614973263 0.03125 0.032620320855614976
0 0.68212890625 0.3524064171122995 0.03076171875 0.034224598930481284
0 0.720703125 0.31871657754010696 0.03857421875 0.045989304812834225
0 0.79248046875 0.3689839572192513 0.0361328125 0.03796791443850268
0 0.80126953125 0.32780748663101605 0.044921875 0.04385026737967915
0 0.74365234375 0.3320855614973262 0.02685546875 0.03048128342245989
0 0.70947265625 0.2550802139037433 0.0341796875 0.03796791443850268
0 0.77294921875 0.2802139037433155 0.029296875 0.021925133689839574
0 0.81640625 0.2839572192513369 0.03955078125 0.033155080213903745
0 0.826171875 0.3090909090909091 0.02783203125 0.020320855614973262
0 0.84130859375 0.31925133689839574 0.02685546875 0.023529411764705882
0 0.6474609375 0.4267379679144385 0.03369140625 0.03582887700534759
0 0.6748046875 0.4203208556149733 0.02783203125 0.034224598930481284
0 0.70703125 0.42780748663101603 0.02294921875 0.02406417112299465
0 0.75927734375 0.4647058823529412 0.02587890625 0.031016042780748664
0 0.78076171875 0.43262032085561497 0.02587890625 0.03048128342245989
0 0.82080078125 0.44545454545454544 0.0234375 0.025668449197860963
0 0.87353515625 0.4283422459893048 0.03466796875 0.03796791443850268
0 0.8955078125 0.4636363636363636 0.03271484375 0.03529411764705882
0 0.96240234375 0.4556149732620321 0.03515625 0.03689839572192513
0 0.93798828125 0.40588235294117647 0.033203125 0.034759358288770054
0 0.92041015625 0.39144385026737966 0.03076171875 0.046524064171122995
0 0.8740234375 0.5256684491978609 0.0322265625 0.03689839572192513
0 0.75048828125 0.5037433155080214 0.025390625 0.029411764705882353
0 0.818359375 0.49679144385026736 0.0283203125 0.028877005347593583
0 0.81201171875 0.5283422459893048 0.02294921875 0.027807486631016044
0 0.7880859375 0.5283422459893048 0.0263671875 0.03208556149732621
0 0.794921875 0.5524064171122994 0.0263671875 0.03048128342245989
0 0.703125 0.49893048128342243 0.021484375 0.02406417112299465
0 0.486328125 0.6716577540106952 0.02880859375 0.029946524064171122
0 0.47509765625 0.5951871657754011 0.0224609375 0.023529411764705882
0 0.4658203125 0.567379679144385 0.02685546875 0.029411764705882353
0 0.46044921875 0.5347593582887701 0.02392578125 0.025668449197860963
0 0.45703125 0.5016042780748663 0.02587890625 0.029411764705882353
0 0.4345703125 0.4925133689839572 0.02099609375 0.025668449197860963
0 0.408203125 0.5 0.021484375 0.023529411764705882
0 0.39892578125 0.4641711229946524 0.02294921875 0.02459893048128342
0 0.41650390625 0.47005347593582886 0.01708984375 0.020320855614973262
0 0.40869140625 0.4128342245989305 0.029296875 0.02406417112299465
0 0.4013671875 0.42620320855614974 0.0166015625 0.016577540106951873
0 0.8134765625 0.20427807486631017 0.0302734375 0.02459893048128342
0 0.59912109375 0.5064171122994653 0.03125 0.032620320855614976
0 0.62353515625 0.6342245989304813 0.0205078125 0.02406417112299465
0 0.64501953125 0.6090909090909091 0.01904296875 0.021925133689839574
0 0.63232421875 0.5962566844919787 0.0185546875 0.023529411764705882
0 0.6962890625 0.6294117647058823 0.02001953125 0.022459893048128343
0 0.69140625 0.6074866310160428 0.017578125 0.020320855614973262
0 0.70947265625 0.6128342245989304 0.01806640625 0.01818181818181818
0 0.65478515625 0.5754010695187166 0.01416015625 0.013903743315508022
0 0.65576171875 0.5470588235294118 0.02099609375 0.02459893048128342
0 0.7138671875 0.5331550802139038 0.01953125 0.020320855614973262
0 0.546875 0.5508021390374331 0.0185546875 0.019786096256684493
0 0.65087890625 0.4716577540106952 0.017578125 0.019786096256684493
0 0.68798828125 0.4898395721925134 0.015625 0.019251336898395723
0 0.69287109375 0.4754010695187166 0.015625 0.017112299465240642
0 0.82275390625 0.5577540106951872 0.021484375 0.02085561497326203
0 0.89013671875 0.627807486631016 0.025390625 0.028877005347593583
0 0.9580078125 0.6074866310160428 0.02587890625 0.02727272727272727
0 0.97216796875 0.574331550802139 0.0234375 0.023529411764705882
0 0.87548828125 0.4855614973262032 0.021484375 0.022994652406417113