0 0.6162087912087912 0.6438506588579795 0.02967032967032967 0.040995607613469986
0 0.6175824175824176 0.5988286969253295 0.02967032967032967 0.03806734992679356
0 0.6398351648351648 0.5988286969253295 0.025274725274725275 0.03587115666178624
0 0.6541208791208791 0.5885797950219619 0.03626373626373627 0.04758418740849195
0 0.9568681318681319 0.8535871156661786 0.026923076923076925 0.03294289897510981
0 0.828021978021978 0.8030746705710102 0.03021978021978022 0.04172767203513909
0 0.8241758241758241 0.736822840409956 0.03296703296703297 0.04465592972181552
0 0.9706043956043956 0.7683016105417276 0.01978021978021978 0.03806734992679356
0 0.9387362637362637 0.7024158125915081 0.03076923076923077 0.036603221083455345
0 0.9601648351648352 0.6969253294289898 0.016483516483516484 0.030014641288433383
0 0.914010989010989 0.6877745241581259 0.03076923076923077 0.038799414348462666
0 0.9134615384615384 0.6570278184480234 0.03791208791208791 0.03733528550512445
0 0.8903846153846153 0.5940702781844802 0.03626373626373627 0.043923865300146414
0 0.9381868131868132 0.5673499267935578 0.03021978021978022 0.04172767203513909
0 0.8464285714285714 0.513909224011713 0.03131868131868132 0.024890190336749635
0 0.8461538461538461 0.6482430453879942 0.02142857142857143 0.036603221083455345
0 0.845054945054945 0.6072474377745242 0.033516483516483515 0.040995607613469986
0 0.7579670329670329 0.5717423133235725 0.043406593406593405 0.05929721815519766
0 0.7302197802197802 0.5538067349926794 0.014285714285714285 0.0212298682284041
0 0.721978021978022 0.6035871156661786 0.01098901098901099 0.013177159590043924
0 0.7107142857142857 0.5918740849194729 0.02142857142857143 0.027086383601756955
0 0.7123626373626374 0.5435578330893118 0.020879120879120878 0.020497803806734993
0 0.6942307692307692 0.5658857979502196 0.020879120879120878 0.030014641288433383
0 0.6788461538461539 0.5611273792093704 0.019230769230769232 0.02855051244509517
0 0.6862637362637363 0.5281844802342606 0.027472527472527472 0.036603221083455345
0 0.6986263736263736 0.5325768667642753 0.016483516483516484 0.02635431918008785
0 0.6703296703296703 0.5494143484626647 0.010439560439560439 0.012445095168374817
0 0.6571428571428571 0.5358711566617862 0.012637362637362638 0.013909224011713031
0 0.618956043956044 0.5475841874084919 0.01978021978021978 0.024890190336749635
0 0.5239010989010989 0.5120790629575402 0.03791208791208791 0.05417276720351391
0 0.5475274725274726 0.4886530014641288 0.04065934065934066 0.03806734992679356
0 0.5513736263736264 0.4538799414348463 0.0456043956043956 0.053440702781844804
0 0.5637362637362637 0.4198389458272328 0.04835164835164835 0.06149341142020498
0 0.6032967032967033 0.43521229868228406 0.04065934065934066 0.04319180087847731
0 0.6112637362637363 0.40446559297218154 0.026923076923076925 0.024158125915080528
0 0.6615384615384615 0.3854319180087848 0.03571428571428571 0.043923865300146414
0 0.6854395604395604 0.43887262079062955 0.03406593406593406 0.04904831625183016
0 0.7145604395604396 0.43704245973645683 0.03791208791208791 0.05197657393850659
0 0.7195054945054945 0.40007320644216693 0.04120879120879121 0.053440702781844804
0 0.7604395604395604 0.40702781844802344 0.03956043956043956 0.05636896046852123
0 0.7535714285714286 0.4205710102489019 0.03461538461538462 0.03513909224011713
0 0.7862637362637362 0.43923865300146414 0.03901098901098901 0.046120058565153735
0 0.7983516483516484 0.41617862371888725 0.04945054945054945 0.06442166910688141
0 0.771978021978022 0.46193265007320644 0.04450549450549451 0.05490483162518302
0 0.7521978021978022 0.4769399707174231 0.057692307692307696 0.05417276720351391
0 0.40604395604395604 0.5289165446559297 0.03131868131868132 0.04319180087847731
0 0.34917582417582416 0.4677891654465593 0.014835164835164835 0.01683748169838946
0 0.3648351648351648 0.4410688140556369 0.014285714285714285 0.017569546120058566
0 0.3362637362637363 0.4377745241581259 0.04120879120879121 0.050512445095168376
0 0.31565934065934065 0.404099560761347 0.024175824175824177 0.02635431918008785
0 0.3068681318681319 0.3857979502196193 0.03241758241758242 0.03733528550512445
0 0.30439560439560437 0.3528550512445095 0.036813186813186814 0.04904831625183016
0 0.3510989010989011 0.33125915080527085 0.04725274725274725 0.0629575402635432
0 0.39862637362637365 0.31295754026354317 0.01868131868131868 0.027818448023426062
0 0.2848901098901099 0.5885797950219619 0.02857142857142857 0.04172767203513909
0 0.30494505494505497 0.5625915080527086 0.025824175824175823 0.03733528550512445
0 0.3118131868131868 0.530380673499268 0.00989010989010989 0.014641288433382138
0 0.3041208791208791 0.4699853587115666 0.014835164835164835 0.016105417276720352
0 0.3038461538461538 0.4546120058565154 0.016483516483516484 0.015373352855051245
0 0.2936813186813187 0.43667642752562225 0.017582417582417582 0.0212298682284041
0 0.28818681318681316 0.46669106881405564 0.01868131868131868 0.020497803806734993
0 0.2906593406593407 0.4842606149341142 0.012087912087912088 0.01903367496339678
0 0.26593406593406593 0.4158125915080527 0.04010989010989011 0.05417276720351391
0 0.27582417582417584 0.44619326500732065 0.01978021978021978 0.024890190336749635
0 0.2802197802197802 0.4286237188872621 0.017582417582417582 0.02635431918008785
0 0.256043956043956 0.35395314787701315 0.04120879120879121 0.046120058565153735
0 0.19505494505494506 0.33052708638360173 0.02857142857142857 0.03587115666178624
0 0.2173076923076923 0.34699853587115664 0.017582417582417582 0.027818448023426062
0 0.2563186813186813 0.16581259150805272 0.03956043956043956 0.04904831625183016
0 0.24065934065934066 0.4363103953147877 0.027472527472527472 0.04758418740849195
0 0.22142857142857142 0.4582723279648609 0.03956043956043956 0.055636896046852125
0 0.1837912087912088 0.4882869692532943 0.022527472527472527 0.027818448023426062
0 0.17225274725274725 0.43887262079062955 0.056593406593406594 0.07027818448023426
0 0.13653846153846153 0.4059297218155198 0.035164835164835165 0.04319180087847731
0 0.13791208791208792 0.42972181551976574 0.024175824175824177 0.019765739385065886
0 0.11263736263736264 0.4136163982430454 0.02967032967032967 0.040995607613469986
0 0.15934065934065933 0.49011713030746706 0.01098901098901099 0.012445095168374817
0 0.10961538461538461 0.5201317715959004 0.03296703296703297 0.04172767203513909
0 0.08571428571428572 0.47144948755490484 0.038461538461538464 0.04172767203513909
0 0.07417582417582418 0.4546120058565154 0.020879120879120878 0.03513909224011713
0 0.08571428571428572 0.4432650073206442 0.03406593406593406 0.04026354319180088
0 0.03818681318681319 0.44875549048316254 0.024175824175824177 0.032210834553440704
0 0.1543956043956044 0.34553440702781846 0.03736263736263736 0.040995607613469986
0 0.12664835164835164 0.34736456808199123 0.03736263736263736 0.0424597364568082
0 0.13956043956043956 0.28330893118594436 0.04120879120879121 0.05197657393850659
0 0.08846153846153847 0.3528550512445095 0.03296703296703297 0.03953147877013177
0 0.06840659340659341 0.31295754026354317 0.0489010989010989 0.06149341142020498
0 0.03296703296703297 0.3363836017569546 0.045054945054945054 0.053440702781844804
0 0.01978021978021978 0.3056368960468521 0.014835164835164835 0.043923865300146414
0 0.010714285714285714 0.4747437774524158 0.02142857142857143 0.04026354319180088
0 0.032692307692307694 0.48975109809663253 0.03021978021978022 0.04026354319180088
0 0.09175824175824175 0.49670571010248904 0.028021978021978023 0.034407027818448024
0 0.0717032967032967 0.5153733528550513 0.012087912087912088 0.0212298682284041
0 0.06236263736263736 0.49194729136163984 0.014835164835164835 0.022693997071742314
0 0.03708791208791209 0.5318448023426061 0.03021978021978022 0.04026354319180088
0 0.053296703296703295 0.5589311859443631 0.02857142857142857 0.034407027818448024
0 0.042582417582417584 0.5808931185944363 0.026373626373626374 0.03513909224011713
0 0.064010989010989 0.6248169838945827 0.027472527472527472 0.034407027818448024
0 0.042032967032967036 0.6284773060029283 0.025274725274725275 0.03367496339677892
0 0.10934065934065934 0.6116398243045388 0.02857142857142857 0.038799414348462666
0 0.13076923076923078 0.6068814055636896 0.028021978021978023 0.03587115666178624