0 0.09012770137524558 0.6659031413612565 0.02504911591355599 0.028795811518324606
0 0.09651277013752456 0.6914267015706806 0.023084479371316306 0.028795811518324606
0 0.02824165029469548 0.7005890052356021 0.029960707269155205 0.03337696335078534
0 0.018664047151277015 0.6920811518324608 0.02455795677799607 0.030759162303664923
0 0.009086444007858546 0.6721204188481675 0.018172888015717092 0.03795811518324607
0 0.026031434184675836 0.6554319371727748 0.028978388998035363 0.03534031413612566
0 0.05279960707269155 0.650523560209424 0.027996070726915522 0.030759162303664923
0 0.05648330058939096 0.6770287958115183 0.0275049115913556 0.03468586387434555
0 0.0063850687622789785 0.6142015706806283 0.012770137524557957 0.03337696335078534
0 0.043713163064833006 0.6096204188481675 0.026031434184675836 0.030104712041884817
0 0.03339882121807466 0.6007853403141361 0.02848722986247544 0.030759162303664923
0 0.09356581532416502 0.49574607329842935 0.0275049115913556 0.034031413612565446
0 0.06335952848722987 0.5085078534031413 0.023084479371316306 0.029450261780104712
0 0.06360510805500982 0.5425392670157068 0.030451866404715127 0.03534031413612566
0 0.07391944990176817 0.5317408376963351 0.027996070726915522 0.02617801047120419
0 0.09282907662082515 0.5553010471204188 0.026031434184675836 0.0281413612565445
0 0.0031925343811394892 0.47840314136125656 0.0063850687622789785 0.0274869109947644
0 0.029469548133595286 0.4803664921465969 0.026522593320235755 0.032722513089005235
0 0.20947937131630648 0.6027486910994765 0.0275049115913556 0.03664921465968586
0 0.15152259332023577 0.5461387434554974 0.03241650294695481 0.03861256544502618
0 0.1694499017681729 0.5320680628272252 0.027996070726915522 0.03599476439790576
0 0.07932220039292731 0.6636125654450262 0.025540275049115914 0.03337696335078534
0 0.25761296660117877 0.5317408376963351 0.03094302554027505 0.03992146596858639
0 0.27406679764243613 0.4993455497382199 0.018664047151277015 0.02225130890052356
0 0.24778978388998035 0.49476439790575916 0.03339882121807466 0.0412303664921466
0 0.22568762278978388 0.49018324607329844 0.02111984282907662 0.026832460732984294
0 0.20849705304518665 0.5101439790575916 0.027996070726915522 0.03664921465968586
0 0.21365422396856582 0.4214659685863874 0.03880157170923379 0.05301047120418848
0 0.25196463654223966 0.4584424083769634 0.026031434184675836 0.03206806282722513
0 0.2674361493123772 0.4587696335078534 0.019646365422396856 0.02617801047120419
0 0.281188605108055 0.4394633507853403 0.021611001964636542 0.025523560209424083
0 0.34528487229862476 0.5229057591623036 0.03585461689587426 0.05301047120418848
0 0.356090373280943 0.5049083769633508 0.029960707269155205 0.04057591623036649
0 0.36787819253438114 0.5212696335078534 0.016208251473477406 0.024869109947643978
0 0.3931728880157171 0.5261780104712042 0.025540275049115914 0.03468586387434555
0 0.38089390962671904 0.581479057591623 0.0206286836935167 0.031413612565445025
0 0.4017681728880157 0.5795157068062827 0.023084479371316306 0.031413612565445025
0 0.41085461689587427 0.4839659685863874 0.02406679764243615 0.032722513089005235
0 0.3926817288801572 0.4885471204188482 0.02111984282907662 0.025523560209424083
0 0.4216601178781925 0.4617146596858639 0.0206286836935167 0.0274869109947644
0 0.505648330058939 0.6259816753926701 0.0275049115913556 0.03468586387434555
0 0.4906679764243615 0.5942408376963351 0.03143418467583497 0.051047120418848166
0 0.4950884086444008 0.5382853403141361 0.04273084479371316 0.06217277486910995
0 0.5606581532416502 0.5284685863874345 0.03143418467583497 0.04057591623036649
0 0.5230844793713163 0.5297774869109948 0.03241650294695481 0.04712041884816754
0 0.45604125736738704 0.5137434554973822 0.015717092337917484 0.01767015706806283
0 0.5928290766208252 0.6089659685863874 0.029469548133595286 0.03992146596858639
0 0.5766208251473477 0.5791884816753927 0.03192534381139489 0.03926701570680628
0 0.6055992141453831 0.5346858638743456 0.03241650294695481 0.03599476439790576
0 0.6195972495088409 0.5405759162303665 0.0275049115913556 0.03664921465968586
0 0.6227897838899804 0.5896596858638743 0.016208251473477406 0.024869109947643978
0 0.6345776031434185 0.5912958115183246 0.007858546168958742 0.022905759162303665
0 0.6308939096267191 0.5759162303664922 0.015225933202357564 0.01963350785340314
0 0.6534872298624754 0.606020942408377 0.010805500982318271 0.02356020942408377
0 0.6583988212180747 0.5680628272251309 0.01768172888015717 0.026832460732984294
0 0.6510314341846758 0.5094895287958116 0.03143418467583497 0.04384816753926701
0 0.6284381139489195 0.5094895287958116 0.01719056974459725 0.02225130890052356
0 0.7470530451866405 0.5775523560209425 0.02111984282907662 0.030104712041884817
0 0.8219548133595285 0.6217277486910995 0.02013752455795678 0.026832460732984294
0 0.831041257367387 0.5696989528795812 0.015225933202357564 0.01963350785340314
0 0.8352161100196464 0.5883507853403142 0.022593320235756387 0.0281413612565445
0 0.849705304518664 0.5818062827225131 0.027996070726915522 0.0274869109947644
0 0.8511787819253438 0.599803664921466 0.01719056974459725 0.020287958115183247
0 0.8651768172888016 0.5412303664921466 0.02406679764243615 0.021596858638743454
0 0.8673870333988212 0.5625 0.023575638506876228 0.0274869109947644
0 0.8796660117878192 0.5906413612565445 0.023575638506876228 0.02617801047120419
0 0.8791748526522594 0.6200916230366492 0.018172888015717092 0.025523560209424083
0 0.8961198428290766 0.618128272251309 0.01719056974459725 0.01767015706806283
0 0.8894891944990176 0.6302356020942408 0.018172888015717092 0.021596858638743454
0 0.9042239685658153 0.631544502617801 0.02111984282907662 0.0274869109947644
0 0.9781434184675835 0.7352748691099477 0.023084479371316306 0.032722513089005235
0 0.925098231827112 0.6825916230366492 0.022102161100196464 0.026832460732984294
0 0.9543222003929273 0.6537958115183246 0.027013752455795677 0.028795811518324606
0 0.9381139489194499 0.6227094240837696 0.025540275049115914 0.030759162303664923
0 0.9349214145383105 0.5791884816753927 0.028978388998035363 0.028795811518324606
0 0.7391944990176817 0.5117801047120419 0.029469548133595286 0.03795811518324607
0 0.38678781925343814 0.43160994764397903 0.03192534381139489 0.046465968586387435
0 0.34037328094302555 0.3992146596858639 0.023575638506876228 0.031413612565445025