0 0.6702862783810464 0.6854521625163827 0.01085883514313919 0.014416775884665793
0 0.6409180651530109 0.6720183486238532 0.010365251727541954 0.012450851900393184
0 0.6303060217176703 0.6671035386631717 0.010365251727541954 0.012450851900393184
0 0.7102665350444225 0.6644823066841415 0.009378084896347482 0.011795543905635648
0 0.7223593287265548 0.6677588466579292 0.007403751233958539 0.009174311926605505
0 0.7677690029615005 0.682175622542595 0.006910167818361303 0.009174311926605505
0 0.7507403751233959 0.622870249017038 0.004935834155972359 0.005242463958060288
0 0.07379072063178677 0.5851900393184797 0.009378084896347482 0.010484927916120577
0 0.10266535044422508 0.5576671035386632 0.006910167818361303 0.007863695937090432
0 0.10809476801579466 0.5527522935779816 0.005923000987166831 0.00655307994757536
0 0.0863770977295163 0.8184796854521625 0.017275419545903257 0.020969855832241154
0 0.050098716683119444 0.7562254259501966 0.012833168805528134 0.015727391874180863
0 0.3916584402764067 0.7041284403669725 0.012339585389930898 0.014416775884665793
0 0.42645607107601186 0.6946264744429882 0.01579466929911155 0.015727391874180863
0 0.36722606120434353 0.6988859764089121 0.01332675222112537 0.011795543905635648
0 0.4244817374136229 0.6202490170380078 0.006416584402764067 0.00851900393184797
0 0.3405725567620928 0.6025557011795544 0.005429417571569595 0.007863695937090432
0 0.33267522211253703 0.6110747051114024 0.006910167818361303 0.00851900393184797
0 0.3228035538005923 0.6156618610747051 0.007897334649555774 0.009174311926605505
0 0.21347482724580455 0.5789646133682831 0.007403751233958539 0.00851900393184797
0 0.21224086870681144 0.6241808650065531 0.00839091806515301 0.00851900393184797
0 0.19151036525172754 0.627129750982962 0.009378084896347482 0.009829619921363041
0 0.14634748272458045 0.5412844036697247 0.006416584402764067 0.007208387942332897
