0 0.708904109589041 0.6470588235294118 0.01053740779768177 0.01330532212885154
0 0.6762381454162276 0.6379551820728291 0.010010537407797681 0.011904761904761904
0 0.6646469968387777 0.6348039215686274 0.010010537407797681 0.011904761904761904
0 0.7492096944151738 0.6179971988795518 0.008956796628029505 0.011204481792717087
0 0.7623814541622761 0.6193977591036415 0.00684931506849315 0.008403361344537815
0 0.8119072708113804 0.6271008403361344 0.006322444678609062 0.008403361344537815
0 0.7879346680716544 0.5668767507002801 0.004741833508956797 0.004901960784313725
0 0.06717597471022128 0.6439075630252101 0.008956796628029505 0.00980392156862745
0 0.09483667017913593 0.6095938375350141 0.00684931506849315 0.0070028011204481795
0 0.10036880927291886 0.603641456582633 0.005795574288724974 0.0063025210084033615
0 0.10326659641728135 0.8893557422969187 0.016332982086406742 0.02030812324929972
0 0.05874604847207587 0.8294817927170869 0.012118018967334035 0.014705882352941176
0 0.41543730242360377 0.7149859943977591 0.012118018967334035 0.01330532212885154
0 0.45152792413066384 0.6992296918767507 0.015279241306638568 0.014705882352941176
0 0.3890937829293994 0.7139355742296919 0.013171759747102213 0.01050420168067227
0 0.44204425711275025 0.6204481792717087 0.006322444678609062 0.007703081232492998
0 0.351422550052687 0.6162464985994398 0.005268703898840885 0.007703081232492998
0 0.3440463645943098 0.626750700280112 0.00684931506849315 0.007703081232492998
0 0.33377239199157005 0.6334033613445378 0.007376185458377239 0.008403361344537815
0 0.21443624868282402 0.6130952380952381 0.007376185458377239 0.007703081232492998
0 0.21759747102212856 0.6614145658263305 0.008429926238145416 0.007703081232492998
0 0.19573234984193888 0.6680672268907563 0.008956796628029505 0.009103641456582634
0 0.13962065331928344 0.584733893557423 0.006322444678609062 0.0063025210084033615
