0 0.90869140625 0.9463995668651868 0.037109375 0.029236599891716297
0 0.84716796875 0.9068760151597185 0.03369140625 0.03302652950730915
0 0.92919921875 0.8408229561451002 0.02392578125 0.017325392528424473
0 0.91259765625 0.8294531672983216 0.02392578125 0.025446670276123445
0 0.94970703125 0.8359501894964808 0.015625 0.017866811044937737
0 0.9482421875 0.7742284786139686 0.0224609375 0.011911207363291824
0 0.81005859375 0.7688142934488359 0.017578125 0.011911207363291824
0 0.650390625 0.826204656199242 0.02001953125 0.014618299945858148
0 0.48486328125 0.8559826746074716 0.02734375 0.030319436924742826
0 0.404296875 0.8592311857065512 0.0244140625 0.022198159177043854
0 0.267578125 0.865186789388197 0.01708984375 0.01570113697888468
0 0.22802734375 0.8391987005955603 0.01220703125 0.010828370330265295
0 0.1689453125 0.8906334596643205 0.0244140625 0.02057390362750406
0 0.13720703125 0.8348673524634542 0.01513671875 0.016242555495397944
0 0.0732421875 0.8408229561451002 0.0107421875 0.009204114780725501
0 0.017578125 0.8218733080671359 0.017578125 0.011911207363291824
0 0.2216796875 0.7845154304277207 0.02099609375 0.016783974011911208
0 0.34765625 0.8245804006497022 0.01025390625 0.009204114780725501
0 0.5703125 0.9707634001082837 0.02294921875 0.02273957769355712
0 0.994140625 0.8494856524093124 0.01123046875 0.01949106659447753
0 0.9755859375 0.836491608012994 0.01904296875 0.017866811044937737
