0 0.7697433366238894 0.7650158061116965 0.023692003948667325 0.02370916754478398
0 0.7198914116485686 0.7510537407797682 0.027640671273445213 0.026870389884088516
0 0.7319842053307009 0.7407797681770284 0.02418558736426456 0.02160168598524763
0 0.7080454096742349 0.7363013698630136 0.02418558736426456 0.0184404636459431
0 0.687314906219151 0.7186512118018967 0.021224086870681145 0.015279241306638568
0 0.6747285291214216 0.7526343519494204 0.02912142152023692 0.025816649104320338
0 0.6433859822309971 0.7518440463645943 0.01678183613030602 0.011591148577449948
0 0.7773938795656465 0.7407797681770284 0.017769002961500493 0.015806111696522657
0 0.7682625863770978 0.7363013698630136 0.0192497532082922 0.02160168598524763
0 0.7129812438302073 0.6743940990516333 0.02912142152023692 0.02476290832455216
0 0.8035538005923001 0.7007376185458377 0.02665350444225074 0.022128556375131718
0 0.7754195459032577 0.6459430979978925 0.020236920039486673 0.0184404636459431
0 0.8376110562685094 0.6264488935721813 0.019743336623889437 0.019494204425711276
0 0.7462981243830207 0.6211801896733403 0.021224086870681145 0.01738672286617492
0 0.6952122408687068 0.6206533192834562 0.020236920039486673 0.019494204425711276
0 0.5577492596248766 0.7197049525816649 0.016288252714708785 0.014752370916754479
0 0.5086377097729516 0.7615911485774499 0.009871668311944718 0.007903055848261328
0 0.4360809476801579 0.7723919915700738 0.026159921026653505 0.022655426765015807
0 0.3904244817374136 0.7953108535300316 0.011846001974333662 0.01053740779768177
0 0.4215202369200395 0.7186512118018967 0.022211253701875617 0.014752370916754479
0 0.3983218163869694 0.708904109589041 0.02813425468904245 0.022655426765015807
0 0.35908193484698914 0.7323498419388831 0.0192497532082922 0.01738672286617492
0 0.2569101678183613 0.7391991570073762 0.02813425468904245 0.019494204425711276
0 0.24629812438302073 0.708904109589041 0.0192497532082922 0.01053740779768177
0 0.19743336623889438 0.7044257112750263 0.012339585389930898 0.007376185458377239
0 0.26678183613030604 0.684931506849315 0.01085883514313919 0.006322444678609062
0 0.17472852912142153 0.7589567966280295 0.019743336623889437 0.015279241306638568
0 0.12981243830207306 0.7853003161222339 0.025172754195459033 0.022128556375131718
0 0.1414116485686081 0.7555321390937829 0.013820335636722606 0.012644889357218124
0 0.15671273445212242 0.7478925184404637 0.02073050345508391 0.0184404636459431
0 0.0688548864758144 0.7465753424657534 0.014807502467917079 0.015279241306638568
0 0.06268509378084897 0.7363013698630136 0.013820335636722606 0.012644889357218124
0 0.030848963474827247 0.6804531085353003 0.022211253701875617 0.02370916754478398
0 0.21520236920039487 0.6527924130663857 0.013820335636722606 0.014752370916754479
0 0.9123889437314906 0.7125922023182297 0.02171767028627838 0.02107481559536354
0 0.9750740375123396 0.6741306638566913 0.029615004935834157 0.025816649104320338
0 0.8822803553800592 0.6709694415173867 0.02171767028627838 0.02370916754478398
0 0.9072063178677197 0.6027397260273972 0.01678183613030602 0.011591148577449948
0 0.9906219151036525 0.5052687038988409 0.018756169792694965 0.02845100105374078
