0 0.9244306418219461 0.9346385542168675 0.015527950310559006 0.016265060240963854
0 0.9500517598343685 0.9042168674698795 0.011904761904761904 0.01325301204819277
0 0.8237577639751553 0.9048192771084337 0.020703933747412008 0.019879518072289156
0 0.6389751552795031 0.9370481927710843 0.029503105590062112 0.03493975903614458
0 0.4306418219461698 0.8460843373493976 0.016563146997929608 0.01927710843373494
0 0.41200828157349895 0.8632530120481928 0.023291925465838508 0.021686746987951807
0 0.36257763975155277 0.8533132530120482 0.014492753623188406 0.014457831325301205
0 0.16770186335403728 0.8740963855421687 0.021221532091097308 0.016867469879518072
0 0.9293478260869565 0.38283132530120484 0.033126293995859216 0.04879518072289157
0 0.38819875776397517 0.9475903614457831 0.015527950310559006 0.016867469879518072
0 0.2637163561076605 0.869277108433735 0.017598343685300208 0.016867469879518072
0 0.27639751552795033 0.8722891566265061 0.009316770186335404 0.00783132530120482