0 0.8698903290129611 0.9894911504424779 0.03988035892323031 0.02101769911504425
0 0.8108175473579262 0.949391592920354 0.036889332003988036 0.03705752212389381
0 0.8995513459621136 0.8902101769911505 0.0259222333000997 0.01991150442477876
0 0.8835992023928215 0.8769358407079646 0.02642073778664008 0.02820796460176991
0 0.9207377866400798 0.8871681415929203 0.01744765702891326 0.01991150442477876
0 0.9242273180458624 0.824391592920354 0.023928215353938187 0.014380530973451327
0 0.784147557328016 0.8053097345132744 0.018943170488534396 0.013827433628318585
0 0.617148554336989 0.8478982300884956 0.02143569292123629 0.016592920353982302
0 0.4464107676969093 0.8617256637168141 0.03040877367896311 0.03373893805309734
0 0.36415752741774676 0.8570243362831859 0.02642073778664008 0.024889380530973452
0 0.22482552342971088 0.8498340707964602 0.018444666001994018 0.017699115044247787
0 0.18668993020937188 0.8194137168141593 0.013459621136590228 0.012168141592920354
0 0.12238285144566301 0.8658738938053098 0.02642073778664008 0.023230088495575223
0 0.0944666001994018 0.8058628318584071 0.016450648055832504 0.01825221238938053
0 0.028913260219341975 0.8058628318584071 0.011465603190428714 0.010508849557522125
0 0.18444666001994017 0.7629977876106194 0.022931206380857428 0.019358407079646017
0 0.3093220338983051 0.8163716814159292 0.010967098703888335 0.010508849557522125
0 0.5241774675972084 0.9870022123893806 0.024925224327018942 0.025442477876106196
0 0.9643569292123629 0.9054203539823009 0.012462612163509471 0.02101769911504425
0 0.9471585244267199 0.8904867256637168 0.020937188434695914 0.01991150442477876
