0 0.904320987654321 0.7851216814159292 0.018518518518518517 0.017146017699115043
0 0.9239618406285073 0.7840154867256637 0.02244668911335578 0.011615044247787611
0 0.250280583613917 0.6551438053097345 0.014029180695847363 0.011615044247787611
0 0.18322109988776655 0.6468473451327433 0.010101010101010102 0.00995575221238938
0 0.22278338945005613 0.6532079646017699 0.012345679012345678 0.008849557522123894
0 0.2797418630751964 0.660674778761062 0.007295173961840628 0.007190265486725664
0 0.23709315375982043 0.665929203539823 0.011784511784511785 0.008849557522123894
0 0.12093153759820427 0.5777101769911505 0.03198653198653199 0.030973451327433628
0 0.08641975308641975 0.9239491150442478 0.031425364758698095 0.028761061946902654
0 0.6220538720538721 0.8091814159292036 0.03423120089786756 0.03263274336283186
0 0.6450617283950617 0.7972898230088495 0.030864197530864196 0.024336283185840708
0 0.6035353535353535 0.7964601769911505 0.031425364758698095 0.0293141592920354
0 0.7070707070707071 0.7743362831858407 0.015151515151515152 0.010508849557522125
0 0.23961840628507294 0.860066371681416 0.03310886644219978 0.02820796460176991
0 0.08249158249158249 0.7436393805309734 0.026374859708193043 0.020464601769911505
0 0.037037037037037035 0.7309181415929203 0.015151515151515152 0.007743362831858407
0 0.007295173961840628 0.7264933628318584 0.014590347923681257 0.010508849557522125