0 0.98974609375 0.6812196812196812 0.02001953125 0.02356202356202356
0 0.9560546875 0.6167706167706167 0.0166015625 0.01386001386001386
0 0.8916015625 0.717948717948718 0.0087890625 0.008316008316008316
0 0.89990234375 0.704088704088704 0.013671875 0.01593901593901594
0 0.81103515625 0.6652806652806653 0.0146484375 0.013167013167013167
0 0.83056640625 0.6548856548856549 0.009765625 0.00693000693000693
0 0.84033203125 0.6437976437976438 0.01220703125 0.008316008316008316
0 0.8359375 0.6368676368676369 0.015625 0.011088011088011088
0 0.82763671875 0.6340956340956341 0.0068359375 0.006237006237006237
0 0.787109375 0.6437976437976438 0.00732421875 0.00693000693000693
0 0.73388671875 0.7103257103257103 0.0166015625 0.02079002079002079
0 0.72265625 0.7013167013167013 0.01171875 0.014553014553014554
0 0.705078125 0.6202356202356203 0.01416015625 0.018711018711018712
0 0.6884765625 0.6188496188496189 0.01904296875 0.018711018711018712
0 0.65673828125 0.6715176715176715 0.01318359375 0.01593901593901594
0 0.6103515625 0.6888426888426888 0.0107421875 0.014553014553014554
0 0.61865234375 0.65003465003465 0.01318359375 0.010395010395010396
0 0.6005859375 0.6465696465696466 0.0087890625 0.007623007623007623
0 0.5224609375 0.6313236313236313 0.01318359375 0.014553014553014554
0 0.07080078125 0.6576576576576577 0.017578125 0.022176022176022176
0 0.125 0.6209286209286209 0.0126953125 0.014553014553014554
0 0.05419921875 0.668052668052668 0.01416015625 0.014553014553014554
0 0.02880859375 0.6722106722106722 0.013671875 0.01178101178101178
0 0.00634765625 0.6583506583506583 0.0126953125 0.020097020097020097
0 0.03076171875 0.6306306306306306 0.01171875 0.013167013167013167
0 0.06396484375 0.6257796257796258 0.00830078125 0.009009009009009009
0 0.025390625 0.7477477477477478 0.013671875 0.013167013167013167
0 0.10791015625 0.7304227304227304 0.0087890625 0.013167013167013167
0 0.1845703125 0.5675675675675675 0.0107421875 0.013167013167013167
0 0.2216796875 0.546084546084546 0.00634765625 0.006237006237006237
0 0.22265625 0.5405405405405406 0.0078125 0.007623007623007623
0 0.16064453125 0.5502425502425502 0.0068359375 0.006237006237006237
0 0.16650390625 0.5433125433125433 0.0068359375 0.006237006237006237
0 0.07373046875 0.546084546084546 0.00732421875 0.007623007623007623
0 0.1025390625 0.5724185724185724 0.0087890625 0.008316008316008316
0 0.869140625 0.2182952182952183 0.02099609375 0.036729036729036726
0 0.80224609375 0.1981981981981982 0.025390625 0.036729036729036726
0 0.568359375 0.33125433125433124 0.0166015625 0.02772002772002772
0 0.5419921875 0.5557865557865558 0.0078125 0.006237006237006237
0 0.49072265625 0.5176715176715176 0.00634765625 0.007623007623007623
0 0.5439453125 0.5121275121275122 0.00830078125 0.007623007623007623
0 0.5625 0.5225225225225225 0.00830078125 0.007623007623007623
0 0.5693359375 0.5135135135135135 0.00634765625 0.005544005544005544
0 0.55810546875 0.5107415107415108 0.00537109375 0.005544005544005544
0 0.55126953125 0.5225225225225225 0.00732421875 0.007623007623007623
0 0.4462890625 0.5391545391545391 0.00634765625 0.005544005544005544
0 0.60400390625 0.5343035343035343 0.00537109375 0.005544005544005544
0 0.533203125 0.5148995148995149 0.005859375 0.00693000693000693
0 0.0322265625 0.43728343728343727 0.01708984375 0.02356202356202356
0 0.76220703125 0.5772695772695773 0.01416015625 0.015246015246015246
0 0.787109375 0.5675675675675675 0.0107421875 0.01178101178101178
0 0.802734375 0.577962577962578 0.01123046875 0.010395010395010396
0 0.796875 0.5703395703395704 0.0068359375 0.007623007623007623
0 0.8056640625 0.5703395703395704 0.00732421875 0.006237006237006237
0 0.81591796875 0.568953568953569 0.00927734375 0.008316008316008316
0 0.826171875 0.5696465696465697 0.01123046875 0.00693000693000693
0 0.84228515625 0.5703395703395704 0.01318359375 0.01386001386001386
0 0.8017578125 0.5412335412335413 0.005859375 0.006237006237006237
0 0.955078125 0.5370755370755371 0.005859375 0.00693000693000693