0 0.12744140625 0.7350260416666666 0.0126953125 0.015625
0 0.080078125 0.671875 0.0087890625 0.009114583333333334
0 0.07763671875 0.6653645833333334 0.009765625 0.008463541666666666
0 0.0546875 0.6529947916666666 0.005859375 0.006510416666666667
0 0.04931640625 0.6529947916666666 0.00390625 0.005859375
0 0.08154296875 0.6946614583333334 0.00830078125 0.008463541666666666
0 0.18359375 0.7545572916666666 0.01220703125 0.014973958333333334
0 0.181640625 0.7317708333333334 0.0146484375 0.011067708333333334
0 0.2119140625 0.7330729166666666 0.0126953125 0.009765625
0 0.2021484375 0.7298177083333334 0.01318359375 0.015625
0 0.21533203125 0.7259114583333334 0.0166015625 0.012369791666666666
0 0.24609375 0.7180989583333334 0.00927734375 0.009765625
0 0.2548828125 0.7109375 0.00927734375 0.009114583333333334
0 0.27490234375 0.75 0.01123046875 0.016276041666666668
0 0.302734375 0.7532552083333334 0.01318359375 0.015625
0 0.3125 0.7578125 0.0107421875 0.016276041666666668
0 0.287109375 0.7369791666666666 0.00634765625 0.005859375
0 0.3271484375 0.74609375 0.00634765625 0.009114583333333334
0 0.3310546875 0.7239583333333334 0.00634765625 0.007161458333333333
0 0.34033203125 0.7063802083333334 0.00927734375 0.013020833333333334
0 0.349609375 0.7096354166666666 0.00830078125 0.009114583333333334
0 0.373046875 0.7076822916666666 0.00732421875 0.009114583333333334
0 0.3447265625 0.7330729166666666 0.01171875 0.014322916666666666
0 0.3564453125 0.736328125 0.01171875 0.011067708333333334
0 0.361328125 0.74609375 0.01025390625 0.012369791666666666
0 0.37353515625 0.732421875 0.00927734375 0.010416666666666666
0 0.39404296875 0.7395833333333334 0.01220703125 0.014322916666666666
0 0.3994140625 0.7200520833333334 0.0078125 0.0078125
0 0.39111328125 0.7109375 0.00732421875 0.006510416666666667
0 0.3955078125 0.7005208333333334 0.009765625 0.01171875
0 0.4013671875 0.7115885416666666 0.0068359375 0.0078125
0 0.40771484375 0.7115885416666666 0.00634765625 0.0078125
0 0.42138671875 0.7486979166666666 0.0126953125 0.015625
0 0.42919921875 0.73828125 0.00830078125 0.009765625
0 0.42333984375 0.7337239583333334 0.0087890625 0.010416666666666666
0 0.42333984375 0.7291666666666666 0.01025390625 0.0078125
0 0.4345703125 0.73046875 0.00732421875 0.010416666666666666
0 0.44287109375 0.7311197916666666 0.0068359375 0.009114583333333334
0 0.45751953125 0.7356770833333334 0.01171875 0.010416666666666666
0 0.44970703125 0.759765625 0.005859375 0.0078125
0 0.47119140625 0.7233072916666666 0.0107421875 0.009114583333333334
0 0.4638671875 0.7298177083333334 0.0048828125 0.006510416666666667
0 0.4794921875 0.7194010416666666 0.0078125 0.010416666666666666
0 0.48193359375 0.7063802083333334 0.00830078125 0.008463541666666666
0 0.46484375 0.701171875 0.0068359375 0.008463541666666666
0 0.43017578125 0.7109375 0.0087890625 0.011067708333333334
0 0.43212890625 0.7076822916666666 0.0078125 0.009765625
0 0.41357421875 0.6790364583333334 0.00634765625 0.005859375
0 0.36279296875 0.6569010416666666 0.00634765625 0.0078125
0 0.3349609375 0.6751302083333334 0.0068359375 0.006510416666666667
0 0.85009765625 0.7337239583333334 0.01025390625 0.011067708333333334
0 0.84326171875 0.681640625 0.0087890625 0.009114583333333334
0 0.861328125 0.98046875 0.02001953125 0.0234375
0 0.83544921875 0.9850260416666666 0.03173828125 0.0234375
0 0.73095703125 0.9837239583333334 0.0224609375 0.029296875
0 0.7099609375 0.853515625 0.0166015625 0.014973958333333334
0 0.69775390625 0.7897135416666666 0.01123046875 0.014973958333333334
0 0.685546875 0.7096354166666666 0.0078125 0.009114583333333334
0 0.67626953125 0.7076822916666666 0.0107421875 0.012369791666666666
0 0.64697265625 0.7109375 0.0087890625 0.009765625
0 0.6240234375 0.6998697916666666 0.00830078125 0.009114583333333334
0 0.63134765625 0.6686197916666666 0.00634765625 0.006510416666666667
0 0.59765625 0.6477864583333334 0.00634765625 0.006510416666666667
0 0.69677734375 0.654296875 0.00634765625 0.007161458333333333
0 0.6328125 0.732421875 0.0078125 0.009114583333333334
0 0.5859375 0.7565104166666666 0.01123046875 0.009765625
0 0.546875 0.7005208333333334 0.0078125 0.009114583333333334
0 0.53857421875 0.6946614583333334 0.0078125 0.011067708333333334
0 0.53173828125 0.734375 0.0068359375 0.011067708333333334
0 0.517578125 0.76171875 0.00537109375 0.01171875
0 0.54296875 0.7389322916666666 0.00830078125 0.01171875